\addplot[color=green,mark=*] coordinates {
(5,5)(10,10)(15,15)(20,20)(25,25)(30,30)(35,35)(40,40)(45,45)(50,50)(55,55)(60,60)(65,65)(70,70)
};
\addlegendentry{dial}

\addplot[color=green,mark=*] coordinates {
(5,0.7707432148880311)(10,0.879945708676734)(15,0.8291623667857481)(20,0.8206069164610247)(25,0.8259255801961706)(30,0.8399097228993047)(35,0.8318415817673321)(40,0.8421149917216255)(45,0.8648238421697219)(50,0.8889777083167087)(55,0.895312794956261)(60,0.9037167657487417)(65,0.9106057002978535)(70,0.9159716025086901)
};
\addlegendentry{Natural\_Neg}

\addplot[color=green,mark=*] coordinates {
(5,0.6188574519980248)(10,0.6507185371805252)(15,0.6416407124353525)(20,0.636781244754853)(25,0.6730997829945993)(30,0.6739199317941168)(35,0.6690894342254775)(40,0.6814614955215291)(45,0.7041426332374203)(50,0.7157768427871922)(55,0.7283146229725)(60,0.7615136517922709)(65,0.7470845381511217)(70,0.7557178566300553)
};
\addlegendentry{Emb\_100}

\addplot[color=green,mark=*] coordinates {
(5,null)(10,null)(15,null)(20,null)(25,null)(30,null)(35,null)(40,null)(45,null)(50,null)(55,null)(60,null)(65,null)(70,null)
};
\addlegendentry{Emb\_50}

\addplot[color=green,mark=*] coordinates {
(5,0.8989700714587514)(10,0.918443344568854)(15,0.8677332205941427)(20,0.8666178773864857)(25,0.869819623063752)(30,0.9011834240759488)(35,0.9000918722591595)(40,0.8991227789524909)(45,0.9084125361042406)(50,0.9254491871874867)(55,0.9378555535114558)(60,0.9459466243756569)(65,0.9513357094803563)(70,0.9534093953083586)
};
\addlegendentry{NLU\_Tran\_All}

