\addplot[color=green,mark=*] coordinates {
(5,5)(10,10)(15,15)(20,20)(25,25)(30,30)(35,35)(40,40)(45,45)(50,50)(55,55)(60,60)(65,65)(70,70)
};
\addlegendentry{dial}

\addplot[color=green,mark=*] coordinates {
(5,0.42604402234751754)(10,0.4517045290694982)(15,0.4756332220668038)(20,0.43872298042581803)(25,0.5229593319534304)(30,0.48735202629279983)(35,0.4842771530751282)(40,0.5378271087070825)(45,0.574393493243317)(50,0.5512932446737182)(55,0.5497045568538901)(60,0.5247281816524787)(65,0.5190449518007118)(70,0.5780936810154053)
};
\addlegendentry{Natural\_Neg}

\addplot[color=green,mark=*] coordinates {
(5,0.3106363975147575)(10,0.25744110945861653)(15,0.2756314451139691)(20,0.3289142030619455)(25,0.38600014022256907)(30,0.3778825186382154)(35,0.36421567667732846)(40,0.44448263503491914)(45,0.46261239287173195)(50,0.43645566793643287)(55,0.4345899920262757)(60,0.436719780601645)(65,0.4318334681209713)(70,0.4314600583650575)
};
\addlegendentry{Emb\_100}

\addplot[color=green,mark=*] coordinates {
(5,null)(10,null)(15,null)(20,null)(25,null)(30,null)(35,null)(40,null)(45,null)(50,null)(55,null)(60,null)(65,null)(70,null)
};
\addlegendentry{Emb\_50}

\addplot[color=green,mark=*] coordinates {
(5,0.41846872668465274)(10,0.5648294130279943)(15,0.5754461967833032)(20,0.5602634007299676)(25,0.6032142443375325)(30,0.5968011864425172)(35,0.591940260819434)(40,0.6539337348431495)(45,0.6769900954922343)(50,0.6616243581980623)(55,0.6537798133223688)(60,0.6287943173666763)(65,0.6422081773920129)(70,0.6742119125481173)
};
\addlegendentry{NLU\_Tran\_All}

