\addplot[color=green,mark=*] coordinates {
(5,5)(10,10)(15,15)(20,20)(25,25)(30,30)(35,35)(40,40)(45,45)(50,50)(55,55)(60,60)(65,65)(70,70)
};
\addlegendentry{dial}

\addplot[color=green,mark=*] coordinates {
(5,0.34439284027143674)(10,0.3617210980341058)(15,0.3726574033287859)(20,0.39212415186036254)(25,0.4226973827693469)(30,0.4244858987561721)(35,0.44161146064056966)(40,0.45880800542536726)(45,0.47949104999442776)(50,0.4852656020832553)(55,0.4932173581655407)(60,0.48773412252756787)(65,0.5004943111817823)(70,0.5073387972683021)
};
\addlegendentry{Natural\_Neg}

\addplot[color=green,mark=*] coordinates {
(5,0.2686772871022223)(10,0.26409938913847986)(15,0.27906783999304763)(20,0.3172964167880053)(25,0.34870133822183424)(30,0.34801957105396547)(35,0.3615472764287817)(40,0.39044683064754915)(45,0.4034307820525759)(50,0.40170763587498587)(55,0.4087729462496523)(60,0.4125383788555698)(65,0.4154278809699047)(70,0.40611152394834427)
};
\addlegendentry{Emb\_100}

\addplot[color=green,mark=*] coordinates {
(5,null)(10,null)(15,null)(20,null)(25,null)(30,null)(35,null)(40,null)(45,null)(50,null)(55,null)(60,null)(65,null)(70,null)
};
\addlegendentry{Emb\_50}

\addplot[color=green,mark=*] coordinates {
(5,0.3825315621829357)(10,0.42615030103814266)(15,0.4517057955361108)(20,0.46690268433090426)(25,0.4740841596530362)(30,0.4876847023915776)(35,0.5067120457260158)(40,0.5117208070233641)(45,0.530613460624948)(50,0.5329010105632238)(55,0.5397026146250452)(60,0.5387507457515393)(65,0.5628197145978061)(70,0.5639390131625384)
};
\addlegendentry{NLU\_Tran\_All}

