\addplot[color=green,mark=*] coordinates {
(5,5)(10,10)(15,15)(20,20)(25,25)(30,30)(35,35)(40,40)(45,45)(50,50)(55,55)(60,60)(65,65)(70,70)
};
\addlegendentry{dial}

\addplot[color=green,mark=*] coordinates {
(5,0.7504505046174729)(10,0.8442805563966482)(15,0.8978394524995308)(20,0.8951148040824142)(25,0.8995707392937154)(30,0.9034441598798961)(35,0.911742050190559)(40,0.9150734963865956)(45,0.9170211045326176)(50,0.9183272036753702)(55,0.9122713963164761)(60,0.915119444102468)(65,0.9190915930921963)(70,0.9159313397102038)
};
\addlegendentry{Natural\_Neg}

\addplot[color=green,mark=*] coordinates {
(5,0.6669464455439632)(10,0.6947112810644149)(15,0.7122019712473662)(20,0.705208996474344)(25,0.7235805900631946)(30,0.7367132286617849)(35,0.740248982251472)(40,0.7460723245104521)(45,0.7495810817981937)(50,0.7485839178817815)(55,0.7413368713281724)(60,0.7379874397082561)(65,0.7507080075476643)(70,0.7545589387257264)
};
\addlegendentry{Emb\_100}

\addplot[color=green,mark=*] coordinates {
(5,null)(10,null)(15,null)(20,null)(25,null)(30,null)(35,null)(40,null)(45,null)(50,null)(55,null)(60,null)(65,null)(70,null)
};
\addlegendentry{Emb\_50}

\addplot[color=green,mark=*] coordinates {
(5,0.7504996271427509)(10,0.8381724093177105)(15,0.8676559528827379)(20,0.8577744462790594)(25,0.8593303956378129)(30,0.8622253686133459)(35,0.8691668008697905)(40,0.8719561019830607)(45,0.8778217802640572)(50,0.8771830202839979)(55,0.8626351723432062)(60,0.8588709828222733)(65,0.8665133541712875)(70,0.8633250914214974)
};
\addlegendentry{NLU\_Tran\_All}

