\addplot[color=green,mark=*] coordinates {
(5,5)(10,10)(15,15)(20,20)(25,25)(30,30)(35,35)(40,40)(45,45)(50,50)(55,55)(60,60)(65,65)(70,70)
};
\addlegendentry{dial}

\addplot[color=green,mark=*] coordinates {
(5,0.6099692220902674)(10,0.7385657134122703)(15,0.7685201996441547)(20,0.7494417147608956)(25,0.7580644969007835)(30,0.7842285102044315)(35,0.7917676177033354)(40,0.7856183331562885)(45,0.7998860305391285)(50,0.8037830283293351)(55,0.8129345719600639)(60,0.8232041692349158)(65,0.8278075462302337)(70,0.8239987897426765)
};
\addlegendentry{Natural\_Neg}

\addplot[color=green,mark=*] coordinates {
(5,0.49570435754176484)(10,0.5811822809748712)(15,0.6209811779727358)(20,0.6207495026238857)(25,0.6533717011103867)(30,0.6777610029262362)(35,0.6895431678801558)(40,0.6966017819519729)(45,0.7065513197295232)(50,0.6994669925099309)(55,0.7059823180201601)(60,0.7135001628346818)(65,0.7225032111587466)(70,0.7305711619439353)
};
\addlegendentry{Emb\_100}

\addplot[color=green,mark=*] coordinates {
(5,null)(10,null)(15,null)(20,null)(25,null)(30,null)(35,null)(40,null)(45,null)(50,null)(55,null)(60,null)(65,null)(70,null)
};
\addlegendentry{Emb\_50}

\addplot[color=green,mark=*] coordinates {
(5,0.6343434042096203)(10,0.7108249797399138)(15,0.7241462673143046)(20,0.7094052778068558)(25,0.7130464259196754)(30,0.7432705983638632)(35,0.7556288146714245)(40,0.7625557142500805)(45,0.7768180564232466)(50,0.7821378441077015)(55,0.7812517181548304)(60,0.7851743154554788)(65,0.7956385081780905)(70,0.7968940025173552)
};
\addlegendentry{NLU\_Tran\_All}

