size	dial	Natural_Neg	Emb_100	Emb_50	NLU_Tran_All
5	5	0.2859545976877727	0.2579362865859086	null	0.29269024665598936
10	10	0.43556381830269164	0.416983589558217	null	0.4015171115475414
15	15	0.5068403613268728	0.46328209768189516	null	0.4691104916193396
20	20	0.5143750293709006	0.47582194547974554	null	0.4852337043345643
25	25	0.5647357856804872	0.5204677712750521	null	0.5212038543147707
30	30	0.5924390034287421	0.549786235277817	null	0.5636660786372193
35	35	0.6094983705279219	0.5825628805679083	null	0.6109140137479947
40	40	0.6118064089042579	0.5724013434344746	null	0.614995220380663
45	45	0.6250659228364448	0.5674753838283316	null	0.6479569332667034
50	50	0.6275783310259511	0.5789116564558179	null	0.6533550508650688
55	55	0.6850046448309438	0.6041661962398205	null	0.6729167204650788
60	60	0.7201400094462092	0.6440471499223823	null	0.7030577048381096
65	65	0.7266741462668334	0.6535760282260181	null	0.6885035698672166
70	70	0.7257842853762528	0.6802311615031653	null	0.6908506877067765