\addplot[color=green,mark=*] coordinates {
(5,5)(10,10)(15,15)(20,20)(25,25)(30,30)(35,35)(40,40)(45,45)(50,50)(55,55)(60,60)(65,65)(70,70)
};
\addlegendentry{dial}

\addplot[color=green,mark=*] coordinates {
(5,0.037333333333333336)(10,0.05647058823529412)(15,0.09116683952314916)(20,0.1203059581320451)(25,0.19378424016788856)(30,0.19234629395701724)(35,0.17683196007447813)(40,0.17895734890001042)(45,0.20073589424192884)(50,0.20262318231642565)(55,0.2680813775020593)(60,0.2949476171162557)(65,0.3312679181533459)(70,0.30938887705750406)
};
\addlegendentry{Natural\_Neg}

\addplot[color=green,mark=*] coordinates {
(5,0.025)(10,0.05060240963855421)(15,0.08629032258064516)(20,0.10438502869378445)(25,0.1548146705771339)(30,0.16197627545141322)(35,0.16436403888997)(40,0.16726716833221508)(45,0.16525880668970175)(50,0.1663998341300455)(55,0.21549452639940908)(60,0.24021692473920292)(65,0.2576239624701019)(70,0.21538599886604523)
};
\addlegendentry{Emb\_100}

\addplot[color=green,mark=*] coordinates {
(5,null)(10,null)(15,null)(20,null)(25,null)(30,null)(35,null)(40,null)(45,null)(50,null)(55,null)(60,null)(65,null)(70,null)
};
\addlegendentry{Emb\_50}

\addplot[color=green,mark=*] coordinates {
(5,0.019545454545454546)(10,0.01650943396226415)(15,0.12746751987589683)(20,0.09864706187672054)(25,0.14075470083955186)(30,0.17538354973149337)(35,0.18164575361332355)(40,0.17247932484487163)(45,0.20989019193194544)(50,0.2012020951371158)(55,0.23716079453712893)(60,0.262699087326688)(65,0.3424083905132474)(70,0.35533169137807813)
};
\addlegendentry{NLU\_Tran\_All}

