size	dial	Natural_Neg	Emb_100	Emb_50	NLU_Tran_All
5	5	0.09221905614117479	0.06880960179682748	null	0.10164063534703587
10	10	0.08821226676953167	0.10528642480030906	null	0.17331247316374002
15	15	0.1516341004689084	0.14761987471012902	null	0.22853902898325504
20	20	0.19384220770881452	0.1879871563582817	null	0.25368059682832084
25	25	0.18888077811539586	0.1996242733623535	null	0.22147156671774665
30	30	0.23130777228748461	0.2185376752866191	null	0.26107548563586414
35	35	0.34127033117213956	0.3126946921347249	null	0.3690815157324736
40	40	0.3393800648794956	0.3263051714057925	null	0.3631681797207429
45	45	0.3573341826179703	0.3574187095495344	null	0.4039077422352476
50	50	0.3730829317235222	0.36635127390662814	null	0.4107993210772721
55	55	0.37409500753064895	0.35589891649881855	null	0.39944995245958215
60	60	0.3675034877536735	0.3433892276751923	null	0.40899515881789217
65	65	0.3842107258511523	0.3580805661468537	null	0.4199856628859083
70	70	0.3767147395235475	0.36519972025623687	null	0.3993308063738418