size	dial	Natural_Neg	Emb_100	Emb_50	NLU_Tran_All
5	5	0.5167536766769874	0.4066536245588105	null	0.5729049679200499
10	10	0.5816320844669178	0.4264279846735356	null	0.6174656142475327
15	15	0.5737786771089053	0.43030550181315474	null	0.604335623749871
20	20	0.5685762993709655	0.4400337269684297	null	0.6017983775219894
25	25	0.5821935697619539	0.4766508350238722	null	0.6002350406072101
30	30	0.5961145370563116	0.4783540977167511	null	0.6279349628482418
35	35	0.6013139895207352	0.4826173743628873	null	0.6366079984222958
40	40	0.6110540807907271	0.5012020394450326	null	0.6430778083119548
45	45	0.6309352579682797	0.5197703132452103	null	0.6567715781001846
50	50	0.6439170698619662	0.5232906204081049	null	0.6658046214847588
55	55	0.649883943788581	0.5263362562405757	null	0.6721433860095368
60	60	0.6535610887050846	0.543145078653833	null	0.6768580382852329
65	65	0.6603431918744779	0.5412850424065574	null	0.6872647881267904
70	70	0.6668563139881887	0.5433638954390448	null	0.691479249956843