size	dial	Natural_Neg	Emb_100	Emb_50	NLU_Tran_All
5	5	0.42604402234751754	0.3106363975147575	null	0.41846872668465274
10	10	0.4517045290694982	0.25744110945861653	null	0.5648294130279943
15	15	0.4756332220668038	0.2756314451139691	null	0.5754461967833032
20	20	0.43872298042581803	0.3289142030619455	null	0.5602634007299676
25	25	0.5229593319534304	0.38600014022256907	null	0.6032142443375325
30	30	0.48735202629279983	0.3778825186382154	null	0.5968011864425172
35	35	0.4842771530751282	0.36421567667732846	null	0.591940260819434
40	40	0.5378271087070825	0.44448263503491914	null	0.6539337348431495
45	45	0.574393493243317	0.46261239287173195	null	0.6769900954922343
50	50	0.5512932446737182	0.43645566793643287	null	0.6616243581980623
55	55	0.5497045568538901	0.4345899920262757	null	0.6537798133223688
60	60	0.5247281816524787	0.436719780601645	null	0.6287943173666763
65	65	0.5190449518007118	0.4318334681209713	null	0.6422081773920129
70	70	0.5780936810154053	0.4314600583650575	null	0.6742119125481173