\addplot[color=green,mark=*] coordinates {
(5,5)(10,10)(15,15)(20,20)(25,25)(30,30)(35,35)(40,40)(45,45)(50,50)(55,55)(60,60)(65,65)(70,70)
};
\addlegendentry{dial}

\addplot[color=green,mark=*] coordinates {
(5,0.025454545454545452)(10,0.04363636363636363)(15,0.06643356643356643)(20,0.1445804195804196)(25,0.18866485366485367)(30,0.19103859103859103)(35,0.1843253043253043)(40,0.18614348614348614)(45,0.20237352476158446)(50,0.19766629169614242)(55,0.22842105417504283)(60,0.23417862993261856)(65,0.26235894050098885)(70,0.2376776447852104)
};
\addlegendentry{Natural\_Neg}

\addplot[color=green,mark=*] coordinates {
(5,0.021818181818181816)(10,0.038181818181818185)(15,0.06446386946386946)(20,0.13227272727272726)(25,0.16775446775446773)(30,0.16991970991970992)(35,0.17188940688940688)(40,0.16881248381248382)(45,0.16693732193732194)(50,0.1635806785806786)(55,0.20095468388571835)(60,0.19971925265028714)(65,0.2171865313733558)(70,0.1694237577485133)
};
\addlegendentry{Emb\_100}

\addplot[color=green,mark=*] coordinates {
(5,null)(10,null)(15,null)(20,null)(25,null)(30,null)(35,null)(40,null)(45,null)(50,null)(55,null)(60,null)(65,null)(70,null)
};
\addlegendentry{Emb\_50}

\addplot[color=green,mark=*] coordinates {
(5,0.07818181818181819)(10,0.06363636363636363)(15,0.14988344988344987)(20,0.21582750582750582)(25,0.23501683501683504)(30,0.24752525252525254)(35,0.24261755485893413)(40,0.20787396511534442)(45,0.23159487107505639)(50,0.2229623924425777)(55,0.25326310067432045)(60,0.2537176461288658)(65,0.3203064887496179)(70,0.30974496072540336)
};
\addlegendentry{NLU\_Tran\_All}

