\addplot[color=green,mark=*] coordinates {
(5,5)(10,10)(15,15)(20,20)(25,25)(30,30)(35,35)(40,40)(45,45)(50,50)(55,55)(60,60)(65,65)(70,70)
};
\addlegendentry{dial}

\addplot[color=green,mark=*] coordinates {
(5,0.2859545976877727)(10,0.43556381830269164)(15,0.5068403613268728)(20,0.5143750293709006)(25,0.5647357856804872)(30,0.5924390034287421)(35,0.6094983705279219)(40,0.6118064089042579)(45,0.6250659228364448)(50,0.6275783310259511)(55,0.6850046448309438)(60,0.7201400094462092)(65,0.7266741462668334)(70,0.7257842853762528)
};
\addlegendentry{Natural\_Neg}

\addplot[color=green,mark=*] coordinates {
(5,0.2579362865859086)(10,0.416983589558217)(15,0.46328209768189516)(20,0.47582194547974554)(25,0.5204677712750521)(30,0.549786235277817)(35,0.5825628805679083)(40,0.5724013434344746)(45,0.5674753838283316)(50,0.5789116564558179)(55,0.6041661962398205)(60,0.6440471499223823)(65,0.6535760282260181)(70,0.6802311615031653)
};
\addlegendentry{Emb\_100}

\addplot[color=green,mark=*] coordinates {
(5,null)(10,null)(15,null)(20,null)(25,null)(30,null)(35,null)(40,null)(45,null)(50,null)(55,null)(60,null)(65,null)(70,null)
};
\addlegendentry{Emb\_50}

\addplot[color=green,mark=*] coordinates {
(5,0.29269024665598936)(10,0.4015171115475414)(15,0.4691104916193396)(20,0.4852337043345643)(25,0.5212038543147707)(30,0.5636660786372193)(35,0.6109140137479947)(40,0.614995220380663)(45,0.6479569332667034)(50,0.6533550508650688)(55,0.6729167204650788)(60,0.7030577048381096)(65,0.6885035698672166)(70,0.6908506877067765)
};
\addlegendentry{NLU\_Tran\_All}

