size	dial	Natural_Neg	Emb_100	Emb_50	NLU_Tran_All
5	5	0.7504505046174729	0.6669464455439632	null	0.7504996271427509
10	10	0.8442805563966482	0.6947112810644149	null	0.8381724093177105
15	15	0.8978394524995308	0.7122019712473662	null	0.8676559528827379
20	20	0.8951148040824142	0.705208996474344	null	0.8577744462790594
25	25	0.8995707392937154	0.7235805900631946	null	0.8593303956378129
30	30	0.9034441598798961	0.7367132286617849	null	0.8622253686133459
35	35	0.911742050190559	0.740248982251472	null	0.8691668008697905
40	40	0.9150734963865956	0.7460723245104521	null	0.8719561019830607
45	45	0.9170211045326176	0.7495810817981937	null	0.8778217802640572
50	50	0.9183272036753702	0.7485839178817815	null	0.8771830202839979
55	55	0.9122713963164761	0.7413368713281724	null	0.8626351723432062
60	60	0.915119444102468	0.7379874397082561	null	0.8588709828222733
65	65	0.9190915930921963	0.7507080075476643	null	0.8665133541712875
70	70	0.9159313397102038	0.7545589387257264	null	0.8633250914214974