\addplot[color=green,mark=*] coordinates {
(5,5)(10,10)(15,15)(20,20)(25,25)(30,30)(35,35)(40,40)(45,45)(50,50)(55,55)(60,60)(65,65)(70,70)
};
\addlegendentry{dial}

\addplot[color=green,mark=*] coordinates {
(5,0.09221905614117479)(10,0.08821226676953167)(15,0.1516341004689084)(20,0.19384220770881452)(25,0.18888077811539586)(30,0.23130777228748461)(35,0.34127033117213956)(40,0.3393800648794956)(45,0.3573341826179703)(50,0.3730829317235222)(55,0.37409500753064895)(60,0.3675034877536735)(65,0.3842107258511523)(70,0.3767147395235475)
};
\addlegendentry{Natural\_Neg}

\addplot[color=green,mark=*] coordinates {
(5,0.06880960179682748)(10,0.10528642480030906)(15,0.14761987471012902)(20,0.1879871563582817)(25,0.1996242733623535)(30,0.2185376752866191)(35,0.3126946921347249)(40,0.3263051714057925)(45,0.3574187095495344)(50,0.36635127390662814)(55,0.35589891649881855)(60,0.3433892276751923)(65,0.3580805661468537)(70,0.36519972025623687)
};
\addlegendentry{Emb\_100}

\addplot[color=green,mark=*] coordinates {
(5,null)(10,null)(15,null)(20,null)(25,null)(30,null)(35,null)(40,null)(45,null)(50,null)(55,null)(60,null)(65,null)(70,null)
};
\addlegendentry{Emb\_50}

\addplot[color=green,mark=*] coordinates {
(5,0.10164063534703587)(10,0.17331247316374002)(15,0.22853902898325504)(20,0.25368059682832084)(25,0.22147156671774665)(30,0.26107548563586414)(35,0.3690815157324736)(40,0.3631681797207429)(45,0.4039077422352476)(50,0.4107993210772721)(55,0.39944995245958215)(60,0.40899515881789217)(65,0.4199856628859083)(70,0.3993308063738418)
};
\addlegendentry{NLU\_Tran\_All}

