\addplot[color=green,mark=*] coordinates {
(5,5)(10,10)(15,15)(20,20)(25,25)(30,30)(35,35)(40,40)(45,45)(50,50)(55,55)(60,60)(65,65)(70,70)
};
\addlegendentry{dial}

\addplot[color=green,mark=*] coordinates {
(5,0.2833786552902066)(10,0.3914014242330428)(15,0.4107363168268706)(20,0.3708175528842955)(25,0.45271594407198246)(30,0.4731997012201464)(35,0.4826606412143354)(40,0.5046230104820836)(45,0.5535319742608554)(50,0.5523609541914694)(55,0.5640517716111833)(60,0.547499263077745)(65,0.5490307604982066)(70,0.5893474600945685)
};
\addlegendentry{Natural\_Neg}

\addplot[color=green,mark=*] coordinates {
(5,0.18913668800840072)(10,0.24994726303204157)(15,0.30101802730623034)(20,0.3648797877501215)(25,0.44732476227210033)(30,0.44612062137010017)(35,0.44218237997744814)(40,0.5169502738154216)(45,0.5272372297814042)(50,0.489879117391269)(55,0.505094335229995)(60,0.5057202759171695)(65,0.4956233303628202)(70,0.49901547747956465)
};
\addlegendentry{Emb\_100}

\addplot[color=green,mark=*] coordinates {
(5,null)(10,null)(15,null)(20,null)(25,null)(30,null)(35,null)(40,null)(45,null)(50,null)(55,null)(60,null)(65,null)(70,null)
};
\addlegendentry{Emb\_50}

\addplot[color=green,mark=*] coordinates {
(5,0.3140594685441382)(10,0.4713995174057623)(15,0.4918038142879288)(20,0.5035096712368287)(25,0.5452795540750526)(30,0.555654483111536)(35,0.5560799132151142)(40,0.6058309714776631)(45,0.6219592022544951)(50,0.6289602416585675)(55,0.6485200586954718)(60,0.641420247058291)(65,0.6439704697243995)(70,0.6662283338614672)
};
\addlegendentry{NLU\_Tran\_All}

