size	dial	Natural_Neg	Emb_100	Emb_50	NLU_Tran_All
5	5	0.7314822416944	0.560101033707138	null	0.8106956217436961
10	10	0.840359044060131	0.6257496091990395	null	0.870049534276982
15	15	0.8271111115661448	0.6260087487720524	null	0.848197694118255
20	20	0.8136146666942601	0.6242025157589176	null	0.8283259667878685
25	25	0.823544217477919	0.6541937971520542	null	0.8325814549602605
30	30	0.8486116804418394	0.676330843477412	null	0.8683533814028929
35	35	0.8507008806025823	0.6754383920271956	null	0.8728362976164874
40	40	0.8603902722304138	0.6859335470086431	null	0.8752215479942373
45	45	0.8773888648169402	0.7051405946113916	null	0.8844628087016317
50	50	0.8986783446927138	0.7127877474083727	null	0.8978712556243021
55	55	0.8995888115373656	0.7212511278754541	null	0.8967470009058889
60	60	0.9065189587559237	0.7376234806173867	null	0.8986811044648771
65	65	0.9129782202718035	0.7399922853285696	null	0.9054615683035634
70	70	0.9151287953631853	0.748806975600134	null	0.904943225107267