\addplot[color=green,mark=*] coordinates {
(5,5)(10,10)(15,15)(20,20)(25,25)(30,30)(35,35)(40,40)(45,45)(50,50)(55,55)(60,60)(65,65)(70,70)
};
\addlegendentry{dial}

\addplot[color=green,mark=*] coordinates {
(5,0.7314822416944)(10,0.840359044060131)(15,0.8271111115661448)(20,0.8136146666942601)(25,0.823544217477919)(30,0.8486116804418394)(35,0.8507008806025823)(40,0.8603902722304138)(45,0.8773888648169402)(50,0.8986783446927138)(55,0.8995888115373656)(60,0.9065189587559237)(65,0.9129782202718035)(70,0.9151287953631853)
};
\addlegendentry{Natural\_Neg}

\addplot[color=green,mark=*] coordinates {
(5,0.560101033707138)(10,0.6257496091990395)(15,0.6260087487720524)(20,0.6242025157589176)(25,0.6541937971520542)(30,0.676330843477412)(35,0.6754383920271956)(40,0.6859335470086431)(45,0.7051405946113916)(50,0.7127877474083727)(55,0.7212511278754541)(60,0.7376234806173867)(65,0.7399922853285696)(70,0.748806975600134)
};
\addlegendentry{Emb\_100}

\addplot[color=green,mark=*] coordinates {
(5,null)(10,null)(15,null)(20,null)(25,null)(30,null)(35,null)(40,null)(45,null)(50,null)(55,null)(60,null)(65,null)(70,null)
};
\addlegendentry{Emb\_50}

\addplot[color=green,mark=*] coordinates {
(5,0.8106956217436961)(10,0.870049534276982)(15,0.848197694118255)(20,0.8283259667878685)(25,0.8325814549602605)(30,0.8683533814028929)(35,0.8728362976164874)(40,0.8752215479942373)(45,0.8844628087016317)(50,0.8978712556243021)(55,0.8967470009058889)(60,0.8986811044648771)(65,0.9054615683035634)(70,0.904943225107267)
};
\addlegendentry{NLU\_Tran\_All}

