\addplot[color=green,mark=*] coordinates {
(5,5)(10,10)(15,15)(20,20)(25,25)(30,30)(35,35)(40,40)(45,45)(50,50)(55,55)(60,60)(65,65)(70,70)
};
\addlegendentry{dial}

\addplot[color=green,mark=*] coordinates {
(5,0.5654574772112253)(10,0.6241949113658416)(15,0.6059544316727176)(20,0.6058580762497006)(25,0.6237526935906357)(30,0.630984324882929)(35,0.6395473220899731)(40,0.6556248576733946)(45,0.6778076231167464)(50,0.6933038386694604)(55,0.6977424519448976)(60,0.6969930894793075)(65,0.7054242419626293)(70,0.715980975863998)
};
\addlegendentry{Natural\_Neg}

\addplot[color=green,mark=*] coordinates {
(5,0.4481302383134129)(10,0.4577905698524674)(15,0.46081113191567785)(20,0.4770269680548583)(25,0.5097037939406709)(30,0.5094323847521542)(35,0.5160738487939561)(40,0.5413821450474048)(45,0.5604806582231646)(50,0.5647254811756105)(55,0.5704808403645635)(60,0.5876251355754195)(65,0.5810235783223955)(70,0.5846008425038842)
};
\addlegendentry{Emb\_100}

\addplot[color=green,mark=*] coordinates {
(5,null)(10,null)(15,null)(20,null)(25,null)(30,null)(35,null)(40,null)(45,null)(50,null)(55,null)(60,null)(65,null)(70,null)
};
\addlegendentry{Emb\_50}

\addplot[color=green,mark=*] coordinates {
(5,0.6408902453205718)(10,0.682257914181809)(15,0.666598019849757)(20,0.6682484375834439)(25,0.6722918061475328)(30,0.6939351061306434)(35,0.7071192821091856)(40,0.7143935201446008)(45,0.7285640845956428)(50,0.7390786956048047)(55,0.7456157890755113)(60,0.7484899082824101)(65,0.7590554523901545)(70,0.7622903316473697)
};
\addlegendentry{NLU\_Tran\_All}

