size	dial	Natural_Neg	Emb_100	Emb_50	NLU_Tran_All
5	5	0.7707432148880311	0.6188574519980248	null	0.8989700714587514
10	10	0.879945708676734	0.6507185371805252	null	0.918443344568854
15	15	0.8291623667857481	0.6416407124353525	null	0.8677332205941427
20	20	0.8206069164610247	0.636781244754853	null	0.8666178773864857
25	25	0.8259255801961706	0.6730997829945993	null	0.869819623063752
30	30	0.8399097228993047	0.6739199317941168	null	0.9011834240759488
35	35	0.8318415817673321	0.6690894342254775	null	0.9000918722591595
40	40	0.8421149917216255	0.6814614955215291	null	0.8991227789524909
45	45	0.8648238421697219	0.7041426332374203	null	0.9084125361042406
50	50	0.8889777083167087	0.7157768427871922	null	0.9254491871874867
55	55	0.895312794956261	0.7283146229725	null	0.9378555535114558
60	60	0.9037167657487417	0.7615136517922709	null	0.9459466243756569
65	65	0.9106057002978535	0.7470845381511217	null	0.9513357094803563
70	70	0.9159716025086901	0.7557178566300553	null	0.9534093953083586