size	dial	Natural_Neg	Emb_100	Emb_50	NLU_Tran_All
5	5	0.6099692220902674	0.49570435754176484	null	0.6343434042096203
10	10	0.7385657134122703	0.5811822809748712	null	0.7108249797399138
15	15	0.7685201996441547	0.6209811779727358	null	0.7241462673143046
20	20	0.7494417147608956	0.6207495026238857	null	0.7094052778068558
25	25	0.7580644969007835	0.6533717011103867	null	0.7130464259196754
30	30	0.7842285102044315	0.6777610029262362	null	0.7432705983638632
35	35	0.7917676177033354	0.6895431678801558	null	0.7556288146714245
40	40	0.7856183331562885	0.6966017819519729	null	0.7625557142500805
45	45	0.7998860305391285	0.7065513197295232	null	0.7768180564232466
50	50	0.8037830283293351	0.6994669925099309	null	0.7821378441077015
55	55	0.8129345719600639	0.7059823180201601	null	0.7812517181548304
60	60	0.8232041692349158	0.7135001628346818	null	0.7851743154554788
65	65	0.8278075462302337	0.7225032111587466	null	0.7956385081780905
70	70	0.8239987897426765	0.7305711619439353	null	0.7968940025173552