\addplot[color=green,mark=*] coordinates {
(5,5)(10,10)(15,15)(20,20)(25,25)(30,30)(35,35)(40,40)(45,45)(50,50)(55,55)(60,60)(65,65)(70,70)
};
\addlegendentry{dial}

\addplot[color=green,mark=*] coordinates {
(5,0.5167536766769874)(10,0.5816320844669178)(15,0.5737786771089053)(20,0.5685762993709655)(25,0.5821935697619539)(30,0.5961145370563116)(35,0.6013139895207352)(40,0.6110540807907271)(45,0.6309352579682797)(50,0.6439170698619662)(55,0.649883943788581)(60,0.6535610887050846)(65,0.6603431918744779)(70,0.6668563139881887)
};
\addlegendentry{Natural\_Neg}

\addplot[color=green,mark=*] coordinates {
(5,0.4066536245588105)(10,0.4264279846735356)(15,0.43030550181315474)(20,0.4400337269684297)(25,0.4766508350238722)(30,0.4783540977167511)(35,0.4826173743628873)(40,0.5012020394450326)(45,0.5197703132452103)(50,0.5232906204081049)(55,0.5263362562405757)(60,0.543145078653833)(65,0.5412850424065574)(70,0.5433638954390448)
};
\addlegendentry{Emb\_100}

\addplot[color=green,mark=*] coordinates {
(5,null)(10,null)(15,null)(20,null)(25,null)(30,null)(35,null)(40,null)(45,null)(50,null)(55,null)(60,null)(65,null)(70,null)
};
\addlegendentry{Emb\_50}

\addplot[color=green,mark=*] coordinates {
(5,0.5729049679200499)(10,0.6174656142475327)(15,0.604335623749871)(20,0.6017983775219894)(25,0.6002350406072101)(30,0.6279349628482418)(35,0.6366079984222958)(40,0.6430778083119548)(45,0.6567715781001846)(50,0.6658046214847588)(55,0.6721433860095368)(60,0.6768580382852329)(65,0.6872647881267904)(70,0.691479249956843)
};
\addlegendentry{NLU\_Tran\_All}

