size	dial	Natural_Neg	Emb_100	Emb_50	NLU_Tran_All
5	5	0.5654574772112253	0.4481302383134129	null	0.6408902453205718
10	10	0.6241949113658416	0.4577905698524674	null	0.682257914181809
15	15	0.6059544316727176	0.46081113191567785	null	0.666598019849757
20	20	0.6058580762497006	0.4770269680548583	null	0.6682484375834439
25	25	0.6237526935906357	0.5097037939406709	null	0.6722918061475328
30	30	0.630984324882929	0.5094323847521542	null	0.6939351061306434
35	35	0.6395473220899731	0.5160738487939561	null	0.7071192821091856
40	40	0.6556248576733946	0.5413821450474048	null	0.7143935201446008
45	45	0.6778076231167464	0.5604806582231646	null	0.7285640845956428
50	50	0.6933038386694604	0.5647254811756105	null	0.7390786956048047
55	55	0.6977424519448976	0.5704808403645635	null	0.7456157890755113
60	60	0.6969930894793075	0.5876251355754195	null	0.7484899082824101
65	65	0.7054242419626293	0.5810235783223955	null	0.7590554523901545
70	70	0.715980975863998	0.5846008425038842	null	0.7622903316473697