size	dial	Natural_Neg	Emb_100	Emb_50	NLU_Tran_All
5	5	null	null	null	null
10	10	null	null	null	null
15	15	0.5125985458114062	0.5654883735484381	null	0.5592362731486584
20	20	0.6193046868007517	0.6685343769017775	null	0.6221625159965074
25	25	0.5465406418850504	0.6379239131207075	null	0.5778114460321732
30	30	0.565133623017258	0.6526106891117572	null	0.6027298227065859
35	35	0.5844673575191719	0.6876358770687407	null	0.6169433375559017
40	40	0.6093936142040153	0.6816214348910377	null	0.6308002954035863
45	45	0.6362345471922699	0.6847747629512272	null	0.6399246416650562
50	50	0.6463486053320386	0.7023631337065357	null	0.660943359224387
55	55	0.6666703161986347	0.634539632540092	null	0.6857900552423917
60	60	0.6666870607983391	0.6281984338780567	null	0.6922100273184286
65	65	0.6783376570263775	0.6195566042950703	null	0.6954686055282217
70	70	0.6681723996126704	0.7278371821078768	null	0.6909109325911298