size	dial	Natural_Neg	Emb_100	Emb_50	NLU_Tran_All
5	5	0.34439284027143674	0.2686772871022223	null	0.3825315621829357
10	10	0.3617210980341058	0.26409938913847986	null	0.42615030103814266
15	15	0.3726574033287859	0.27906783999304763	null	0.4517057955361108
20	20	0.39212415186036254	0.3172964167880053	null	0.46690268433090426
25	25	0.4226973827693469	0.34870133822183424	null	0.4740841596530362
30	30	0.4244858987561721	0.34801957105396547	null	0.4876847023915776
35	35	0.44161146064056966	0.3615472764287817	null	0.5067120457260158
40	40	0.45880800542536726	0.39044683064754915	null	0.5117208070233641
45	45	0.47949104999442776	0.4034307820525759	null	0.530613460624948
50	50	0.4852656020832553	0.40170763587498587	null	0.5329010105632238
55	55	0.4932173581655407	0.4087729462496523	null	0.5397026146250452
60	60	0.48773412252756787	0.4125383788555698	null	0.5387507457515393
65	65	0.5004943111817823	0.4154278809699047	null	0.5628197145978061
70	70	0.5073387972683021	0.40611152394834427	null	0.5639390131625384