size	dial	Natural_Neg	Emb_100	Emb_50	NLU_Tran_All
5	5	0.037333333333333336	0.025	null	0.019545454545454546
10	10	0.05647058823529412	0.05060240963855421	null	0.01650943396226415
15	15	0.09116683952314916	0.08629032258064516	null	0.12746751987589683
20	20	0.1203059581320451	0.10438502869378445	null	0.09864706187672054
25	25	0.19378424016788856	0.1548146705771339	null	0.14075470083955186
30	30	0.19234629395701724	0.16197627545141322	null	0.17538354973149337
35	35	0.17683196007447813	0.16436403888997	null	0.18164575361332355
40	40	0.17895734890001042	0.16726716833221508	null	0.17247932484487163
45	45	0.20073589424192884	0.16525880668970175	null	0.20989019193194544
50	50	0.20262318231642565	0.1663998341300455	null	0.2012020951371158
55	55	0.2680813775020593	0.21549452639940908	null	0.23716079453712893
60	60	0.2949476171162557	0.24021692473920292	null	0.262699087326688
65	65	0.3312679181533459	0.2576239624701019	null	0.3424083905132474
70	70	0.30938887705750406	0.21538599886604523	null	0.35533169137807813