size	dial	Natural_Neg	Emb_100	Emb_50	NLU_Tran_All
5	5	0.5837763019747753	0.46512216736693146	null	0.6375656683270208
10	10	0.6732566007284331	0.5022224147279853	null	0.6951532765050356
15	15	0.6710879786452238	0.5159420293398502	null	0.6914488953623625
20	20	0.6654272648939425	0.5311076707192972	null	0.686173150668681
25	25	0.6797440135274793	0.5665342294221866	null	0.6899721737079598
30	30	0.6966509627094232	0.5770027938350528	null	0.7167263902885354
35	35	0.7046543720265177	0.5853283703251414	null	0.7300127968593801
40	40	0.7129198908602743	0.6058460270998985	null	0.7370405357040688
45	45	0.7327014981237588	0.6227217872185846	null	0.7513369350163446
50	50	0.7437855528084734	0.6231066402296016	null	0.7597860414000528
55	55	0.7502052569748517	0.6292962148330747	null	0.7627469697576355
60	60	0.753805797244387	0.6431871814160128	null	0.7660944320002313
65	65	0.7607469497796636	0.6432973384058627	null	0.7764092622988328
70	70	0.7650051282882634	0.6487855022669324	null	0.7788004149345358