size	dial	Natural_Neg	Emb_100	Emb_50	NLU_Tran_All
5	5	0.15532957839565303	0.12339711707792507	null	0.13450563240652047
10	10	0.07159779075382763	0.11005609173295952	null	0.1576920829193585
15	15	0.11940045802902528	0.1345353329589995	null	0.2137603148835471
20	20	0.1645862909741877	0.17121749206249542	null	0.224901953379658
25	25	0.15323976526293326	0.1679509619157009	null	0.18828593619402528
30	30	0.17964325479399293	0.17035612386381976	null	0.2052289465225919
35	35	0.2660018033945141	0.24099458792291378	null	0.2921984949665356
40	40	0.2691464351292746	0.2670307082212645	null	0.2859527491824713
45	45	0.2763733398030875	0.2800307801638296	null	0.30545633982826076
50	50	0.303125163646452	0.29101735419563973	null	0.3215681044247683
55	55	0.29943102667696897	0.27123248611411493	null	0.31391199099203576
60	60	0.28831291277643223	0.2522008303780763	null	0.3265443951349582
65	65	0.3099676521275757	0.2656069862341698	null	0.33742848276923737
70	70	0.2976122607639023	0.2678444230497511	null	0.31838978406827423