\addplot[color=green,mark=*] coordinates {
(5,5)(10,10)(15,15)(20,20)(25,25)(30,30)(35,35)(40,40)(45,45)(50,50)(55,55)(60,60)(65,65)(70,70)
};
\addlegendentry{dial}

\addplot[color=green,mark=*] coordinates {
(5,0.15532957839565303)(10,0.07159779075382763)(15,0.11940045802902528)(20,0.1645862909741877)(25,0.15323976526293326)(30,0.17964325479399293)(35,0.2660018033945141)(40,0.2691464351292746)(45,0.2763733398030875)(50,0.303125163646452)(55,0.29943102667696897)(60,0.28831291277643223)(65,0.3099676521275757)(70,0.2976122607639023)
};
\addlegendentry{Natural\_Neg}

\addplot[color=green,mark=*] coordinates {
(5,0.12339711707792507)(10,0.11005609173295952)(15,0.1345353329589995)(20,0.17121749206249542)(25,0.1679509619157009)(30,0.17035612386381976)(35,0.24099458792291378)(40,0.2670307082212645)(45,0.2800307801638296)(50,0.29101735419563973)(55,0.27123248611411493)(60,0.2522008303780763)(65,0.2656069862341698)(70,0.2678444230497511)
};
\addlegendentry{Emb\_100}

\addplot[color=green,mark=*] coordinates {
(5,null)(10,null)(15,null)(20,null)(25,null)(30,null)(35,null)(40,null)(45,null)(50,null)(55,null)(60,null)(65,null)(70,null)
};
\addlegendentry{Emb\_50}

\addplot[color=green,mark=*] coordinates {
(5,0.13450563240652047)(10,0.1576920829193585)(15,0.2137603148835471)(20,0.224901953379658)(25,0.18828593619402528)(30,0.2052289465225919)(35,0.2921984949665356)(40,0.2859527491824713)(45,0.30545633982826076)(50,0.3215681044247683)(55,0.31391199099203576)(60,0.3265443951349582)(65,0.33742848276923737)(70,0.31838978406827423)
};
\addlegendentry{NLU\_Tran\_All}

