\addplot[color=green,mark=*] coordinates {
(5,5)(10,10)(15,15)(20,20)(25,25)(30,30)(35,35)(40,40)(45,45)(50,50)(55,55)(60,60)(65,65)(70,70)
};
\addlegendentry{dial}

\addplot[color=green,mark=*] coordinates {
(5,0.2861033216147787)(10,0.3441108308244999)(15,0.37016209209626827)(20,0.3746450963548538)(25,0.41473129495829636)(30,0.4363663619766219)(35,0.46286595326588376)(40,0.4708376741230008)(45,0.4972477289844237)(50,0.5066863532310327)(55,0.5264542420453143)(60,0.5291173316758995)(65,0.5443719061936272)(70,0.5476449680097014)
};
\addlegendentry{Natural\_Neg}

\addplot[color=green,mark=*] coordinates {
(5,0.21076183087809156)(10,0.2578964266674861)(15,0.29023424334226416)(20,0.3203636221402763)(25,0.3639893758409105)(30,0.37574135389638613)(35,0.3986698757573346)(40,0.424114040140518)(45,0.438763835158008)(50,0.43385449320907876)(55,0.4494347265009191)(60,0.45673747723723784)(65,0.46283003607708634)(70,0.45710204305049523)
};
\addlegendentry{Emb\_100}

\addplot[color=green,mark=*] coordinates {
(5,null)(10,null)(15,null)(20,null)(25,null)(30,null)(35,null)(40,null)(45,null)(50,null)(55,null)(60,null)(65,null)(70,null)
};
\addlegendentry{Emb\_50}

\addplot[color=green,mark=*] coordinates {
(5,0.31148529504508116)(10,0.38281773970218713)(15,0.42400201431633394)(20,0.42104082418243466)(25,0.43502181914815286)(30,0.4651167249704466)(35,0.4949108700443497)(40,0.5041750060093786)(45,0.5300549862808299)(50,0.5347082283743145)(55,0.545469451649518)(60,0.552948899416937)(65,0.5779565228567797)(70,0.5814585141801636)
};
\addlegendentry{NLU\_Tran\_All}

