size	dial	Natural_Neg	Emb_100	Emb_50	NLU_Tran_All
5	5	0.025454545454545452	0.021818181818181816	null	0.07818181818181819
10	10	0.04363636363636363	0.038181818181818185	null	0.06363636363636363
15	15	0.06643356643356643	0.06446386946386946	null	0.14988344988344987
20	20	0.1445804195804196	0.13227272727272726	null	0.21582750582750582
25	25	0.18866485366485367	0.16775446775446773	null	0.23501683501683504
30	30	0.19103859103859103	0.16991970991970992	null	0.24752525252525254
35	35	0.1843253043253043	0.17188940688940688	null	0.24261755485893413
40	40	0.18614348614348614	0.16881248381248382	null	0.20787396511534442
45	45	0.20237352476158446	0.16693732193732194	null	0.23159487107505639
50	50	0.19766629169614242	0.1635806785806786	null	0.2229623924425777
55	55	0.22842105417504283	0.20095468388571835	null	0.25326310067432045
60	60	0.23417862993261856	0.19971925265028714	null	0.2537176461288658
65	65	0.26235894050098885	0.2171865313733558	null	0.3203064887496179
70	70	0.2376776447852104	0.1694237577485133	null	0.30974496072540336