size	dial	Natural_Neg	Emb_100	Emb_50	NLU_Tran_All
5	5	0.2861033216147787	0.2107618308780915	null	0.31148529504508116
10	10	0.3441108308244999	0.2578964266674861	null	0.3828177397021871
15	15	0.37016209209626827	0.29023424334226416	null	0.42400201431633394
20	20	0.3746450963548538	0.3203636221402763	null	0.42104082418243466
25	25	0.41473129495829647	0.3639893758409105	null	0.43502181914815286
30	30	0.4363663619766219	0.37574135389638613	null	0.4651167249704466
35	35	0.46286595326588376	0.3986698757573346	null	0.4949108700443497
40	40	0.4708376741230009	0.42411404014051807	null	0.5041750060093786
45	45	0.4972477289844237	0.438763835158008	null	0.5300549862808299
50	50	0.5066863532310327	0.4338544932090788	null	0.5347082283743145
55	55	0.5264542420453143	0.4494347265009191	null	0.545469451649518
60	60	0.5291173316758994	0.45673747723723784	null	0.552948899416937
65	65	0.5443719061936271	0.46283003607708634	null	0.5779565228567796
70	70	0.5476449680097014	0.45710204305049523	null	0.5814585141801636