size	dial	Natural_Neg	Emb_100	Emb_50	NLU_Tran_All
5	5	0.2833786552902066	0.18913668800840072	null	0.3140594685441382
10	10	0.3914014242330428	0.24994726303204157	null	0.4713995174057623
15	15	0.4107363168268706	0.30101802730623034	null	0.4918038142879288
20	20	0.3708175528842955	0.3648797877501215	null	0.5035096712368287
25	25	0.45271594407198246	0.44732476227210033	null	0.5452795540750526
30	30	0.4731997012201464	0.44612062137010017	null	0.555654483111536
35	35	0.4826606412143354	0.44218237997744814	null	0.5560799132151142
40	40	0.5046230104820836	0.5169502738154216	null	0.6058309714776631
45	45	0.5535319742608554	0.5272372297814042	null	0.6219592022544951
50	50	0.5523609541914694	0.489879117391269	null	0.6289602416585675
55	55	0.5640517716111833	0.505094335229995	null	0.6485200586954718
60	60	0.547499263077745	0.5057202759171695	null	0.641420247058291
65	65	0.5490307604982066	0.4956233303628202	null	0.6439704697243995
70	70	0.5893474600945685	0.49901547747956465	null	0.6662283338614672