\addplot[color=green,mark=*] coordinates {
(5,5)(10,10)(15,15)(20,20)(25,25)(30,30)(35,35)(40,40)(45,45)(50,50)(55,55)(60,60)(65,65)(70,70)
};
\addlegendentry{dial}

\addplot[color=green,mark=*] coordinates {
(5,0.5837763019747753)(10,0.6732566007284331)(15,0.6710879786452238)(20,0.6654272648939425)(25,0.6797440135274793)(30,0.6966509627094232)(35,0.7046543720265177)(40,0.7129198908602743)(45,0.7327014981237588)(50,0.7437855528084734)(55,0.7502052569748517)(60,0.753805797244387)(65,0.7607469497796636)(70,0.7650051282882634)
};
\addlegendentry{Natural\_Neg}

\addplot[color=green,mark=*] coordinates {
(5,0.46512216736693146)(10,0.5022224147279853)(15,0.5159420293398502)(20,0.5311076707192972)(25,0.5665342294221866)(30,0.5770027938350528)(35,0.5853283703251414)(40,0.6058460270998985)(45,0.6227217872185846)(50,0.6231066402296016)(55,0.6292962148330747)(60,0.6431871814160128)(65,0.6432973384058627)(70,0.6487855022669324)
};
\addlegendentry{Emb\_100}

\addplot[color=green,mark=*] coordinates {
(5,null)(10,null)(15,null)(20,null)(25,null)(30,null)(35,null)(40,null)(45,null)(50,null)(55,null)(60,null)(65,null)(70,null)
};
\addlegendentry{Emb\_50}

\addplot[color=green,mark=*] coordinates {
(5,0.6375656683270208)(10,0.6951532765050356)(15,0.6914488953623625)(20,0.686173150668681)(25,0.6899721737079598)(30,0.7167263902885354)(35,0.7300127968593801)(40,0.7370405357040688)(45,0.7513369350163446)(50,0.7597860414000528)(55,0.7627469697576355)(60,0.7660944320002313)(65,0.7764092622988328)(70,0.7788004149345358)
};
\addlegendentry{NLU\_Tran\_All}

