\addplot[color=green,mark=*] coordinates {
(5,5)(10,10)(15,15)(20,20)(25,25)(30,30)(35,35)(40,40)(45,45)(50,50)(55,55)(60,60)(65,65)(70,70)
};
\addlegendentry{dial}

\addplot[color=green,mark=*] coordinates {
<<<<<<< HEAD
(5,0.594049799836839)(10,0.6250105933914113)(15,0.6359895509054235)(20,0.6144548347928869)(25,0.6328970007275736)(30,0.6426755619420416)(35,0.6478891124507268)(40,0.6618162393476996)(45,0.6672540460725486)(50,0.6780504305939141)(55,0.6751964867867208)(60,0.6797059943489916)(65,0.680040918452123)(70,0.6866990494435463)
=======
(5,0.6099692220902674)(10,0.7385657134122703)(15,0.7685201996441547)(20,0.7494417147608956)(25,0.7580644969007835)(30,0.7842285102044315)(35,0.7917676177033354)(40,0.7856183331562885)(45,0.7998860305391285)(50,0.8037830283293351)(55,0.8129345719600639)(60,0.8232041692349158)(65,0.8278075462302337)(70,0.8239987897426765)
>>>>>>> a951bbb27fe1746d95ffe74e96735f9f29404d4d
};
\addlegendentry{Natural\_Neg}

\addplot[color=green,mark=*] coordinates {
<<<<<<< HEAD
(5,0.6052138416729475)(10,0.6172770203834885)(15,0.6187630484334647)(20,0.6228358856985955)(25,0.6318635899628051)(30,0.6274974500014222)(35,0.6423267035333716)(40,0.6508215890973345)(45,0.6572594459586136)(50,0.6654191285321441)(55,0.6698582200300046)(60,0.6748685757267124)(65,0.6837667476963458)(70,0.683473081353368)
=======
(5,0.6343434042096203)(10,0.7108249797399138)(15,0.7241462673143046)(20,0.7094052778068558)(25,0.7130464259196754)(30,0.7432705983638632)(35,0.7556288146714245)(40,0.7625557142500805)(45,0.7768180564232466)(50,0.7821378441077015)(55,0.7812517181548304)(60,0.7851743154554788)(65,0.7956385081780905)(70,0.7968940025173552)
>>>>>>> a951bbb27fe1746d95ffe74e96735f9f29404d4d
};
\addlegendentry{NLU\_Tran\_All}

\addplot[color=green,mark=*] coordinates {
<<<<<<< HEAD
(5,0.5634131604535292)(10,0.5811679213120906)(15,0.5987180313257171)(20,0.5946958137629056)(25,0.6045398910566935)(30,0.6061968773273602)(35,0.611363583098185)(40,0.6220056556553832)(45,0.6363287161556077)(50,0.6413519785372858)(55,0.6464108532595173)(60,0.6525856481069566)(65,0.658850724418311)(70,0.6622631859128812)
=======
(5,0.6299225253494367)(10,0.695451926982769)(15,0.6945968036269906)(20,0.6862537852616306)(25,0.6974742233767836)(30,0.7190848082012123)(35,0.7408761406649609)(40,0.73897465167582)(45,0.757261350873242)(50,0.7618826568135809)(55,0.7657083997408983)(60,0.7775589597367031)(65,0.7803475341143672)(70,0.7875529642926775)
>>>>>>> a951bbb27fe1746d95ffe74e96735f9f29404d4d
};
\addlegendentry{French+German+Potuguese}

\addplot[color=green,mark=*] coordinates {
<<<<<<< HEAD
(5,0.6471344207511727)(10,0.6671265532330334)(15,0.651763980856477)(20,0.6392636990373398)(25,0.6528966423902722)(30,0.640083728078483)(35,0.6510257401744507)(40,0.6581122623823253)(45,0.6701776093023105)(50,0.6708440885458562)(55,0.6693294118558585)(60,0.67600280591047)(65,0.6795050800154671)(70,0.6886835620501787)
=======
(5,0.6012015199827829)(10,0.6851822957315848)(15,0.7029491098376247)(20,0.71027092004801)(25,0.7159019233317824)(30,0.749264543008552)(35,0.7579644538484107)(40,0.7710534099500562)(45,0.779452973604198)(50,0.7677079048441003)(55,0.7710201285800771)(60,0.7788100212925292)(65,0.7861509238933688)(70,0.787324021651945)
>>>>>>> a951bbb27fe1746d95ffe74e96735f9f29404d4d
};
\addlegendentry{Russian+Hebrew+Arabic}

\addplot[color=green,mark=*] coordinates {
<<<<<<< HEAD
(5,0.6286798559281752)(10,0.6719460721945156)(15,0.6801643302666986)(20,0.686095158768681)(25,0.68636843431022)(30,0.6889845939119825)(35,0.6916464866644041)(40,0.6891933136474918)(45,0.695157132504732)(50,0.7040267339107152)(55,0.7048882906419532)(60,0.7115746180682474)(65,0.7115268065366503)(70,0.713815320286395)
=======
(5,0.624767502289925)(10,0.6923660867914375)(15,0.7235350389425778)(20,0.7135010874751335)(25,0.7151854986354685)(30,0.749884713639108)(35,0.7640065845029504)(40,0.7693661425902683)(45,0.7821403513854039)(50,0.7807950597918157)(55,0.7806142906079291)(60,0.7819264930864368)(65,0.7899672861444622)(70,0.7966886991465973)
>>>>>>> a951bbb27fe1746d95ffe74e96735f9f29404d4d
};
\addlegendentry{Finish+Hungarian+Chinese}

\addplot[color=green,mark=*] coordinates {
<<<<<<< HEAD
(5,0.6163262535014845)(10,0.6492331398516455)(15,0.6541933618406383)(20,0.6494906944991256)(25,0.6511633968101991)(30,0.648989407346305)(35,0.6556054432002311)(40,0.662166988049959)(45,0.6698259419643551)(50,0.6710190224946473)(55,0.67544296471118)(60,0.6851650365095462)(65,0.6861107314457727)(70,0.6886359278992029)
=======
(5,0.6049782810046541)(10,0.697744435573215)(15,0.7286064083731751)(20,0.7246461774899638)(25,0.7170512778504452)(30,0.7526920513482208)(35,0.7682591684991309)(40,0.7749277788770065)(45,0.7817104418928921)(50,0.7756494215534698)(55,0.7814771727071997)(60,0.7879738916768125)(65,0.7926445313622356)(70,0.7929767944809992)
>>>>>>> a951bbb27fe1746d95ffe74e96735f9f29404d4d
};
\addlegendentry{Spanish+Hebrew+Arabic}

\addplot[color=green,mark=*] coordinates {
<<<<<<< HEAD
(5,0.6081570198716059)(10,0.6297485086393193)(15,0.6318303672129355)(20,0.6440322670902877)(25,0.651595769164475)(30,0.6525981792287888)(35,0.6662748045207063)(40,0.6646543948301253)(45,0.6677464415292975)(50,0.6767910125194662)(55,0.6823001594763978)(60,0.6869517488800052)(65,0.6906396725328856)(70,0.6928454580041213)
=======
(5,0.6202393993730222)(10,0.6891343715887268)(15,0.7249284139192673)(20,0.7022488503866011)(25,0.7069302961955961)(30,0.7462831708802458)(35,0.7621628603019505)(40,0.7767680113568671)(45,0.7948779490714236)(50,0.7902344768451615)(55,0.7960496452504958)(60,0.797330069802064)(65,0.8014303155925463)(70,0.8063647305133307)
>>>>>>> a951bbb27fe1746d95ffe74e96735f9f29404d4d
};
\addlegendentry{Finish+Hungarian+Urdu}

\addplot[color=green,mark=*] coordinates {
<<<<<<< HEAD
(5,0.6377572277617207)(10,0.6612676391932991)(15,0.6637078503540588)(20,0.6643324540870946)(25,0.6673768438727098)(30,0.663309709637588)(35,0.662968690275213)(40,0.6699503038533648)(45,0.6733748989353199)(50,0.6830161950222962)(55,0.6838703060228297)(60,0.6909325761783272)(65,0.6915245091425839)(70,0.6986491711427065)
=======
(5,0.6384188572307032)(10,0.7165812101994458)(15,0.7261742824626917)(20,0.7194859030997309)(25,0.7318041434766998)(30,0.7500655488774679)(35,0.769282311185804)(40,0.773822371024701)(45,0.7861633388329163)(50,0.7944811553489407)(55,0.7975059861170808)(60,0.8046382617359541)(65,0.8094043692264521)(70,0.8110194149047377)
>>>>>>> a951bbb27fe1746d95ffe74e96735f9f29404d4d
};
\addlegendentry{Hungarian}

\addplot[color=green,mark=*] coordinates {
<<<<<<< HEAD
(5,0.5608600089196456)(10,0.6527912791413399)(15,0.674190543210195)(20,0.671289848147456)(25,0.673819739873901)(30,0.6662801395757724)(35,0.667734015090186)(40,0.6706131401112779)(45,0.6789870717255496)(50,0.6811990993764085)(55,0.6842846214117293)(60,0.6901174807928612)(65,0.6911483985206911)(70,0.6920858151403666)
=======
(5,0.6023861728894243)(10,0.6693623481432193)(15,0.7210122541534281)(20,0.7166200413085553)(25,0.720784408568441)(30,0.7375814368547812)(35,0.7535065236564213)(40,0.7603551236034477)(45,0.7718312001497445)(50,0.7654189741491713)(55,0.7739216918773592)(60,0.7842385659571431)(65,0.7910377695406303)(70,0.7953552985385564)
>>>>>>> a951bbb27fe1746d95ffe74e96735f9f29404d4d
};
\addlegendentry{Finish}

