size	dial	Natural_Neg	NLU_Tran_All	French+German+Potuguese	Russian+Hebrew+Arabic	Finish+Hungarian+Chinese	Spanish+Hebrew+Arabic	Finish+Hungarian+Urdu	Hungarian	Finish
<<<<<<< HEAD
5	5	0.3728775076261075	0.40996507454434655	0.6502985113023294	0.3582400595873162	0.4016302211331803	0.3472626045055212	0.46307957778822645	0.4418261597798331	0.35291327712544535
10	10	0.5002605313174955	0.4470570580841457	0.6731383008200873	0.46365153274853954	0.4700777047712731	0.4214688781337716	0.4998322811259645	0.5332648431460294	0.44672046213012245
15	15	0.5818208507649609	0.5101866347420844	0.7054803587503378	0.5549364721155174	0.5372542496289844	0.47889648813128566	0.5463334457387766	0.6143987392268904	0.5245144547798046
20	20	0.5547592432211677	0.5288408597790145	0.6903808177118255	0.5861932928150264	0.5549061999255944	0.5030927729845593	0.5486163118987719	0.6091126609797286	0.5348823547700816
25	25	0.5796875678770669	0.559354696138241	0.6662778240603543	0.588210593892873	0.5782091637199389	0.5400429592826955	0.5808063736983781	0.6250936334229833	0.5597674097117564
30	30	0.6226929959998831	0.5902537302259622	0.6584754649615363	0.6356446755507791	0.6053576086760213	0.5755759781070424	0.5931096346800064	0.6652027913060342	0.6155982436247471
35	35	0.5998601045297273	0.5942917818734651	0.6560301295229415	0.6483362380861006	0.6239734852123785	0.5798543801411691	0.6039954750604197	0.6607577625602741	0.6421463008430411
40	40	0.6115091942133006	0.6056614198162859	0.6704732525979541	0.6365526182787782	0.6369082274880951	0.6159007019900153	0.6258893022702983	0.6683439806374206	0.6538467479262537
45	45	0.6062410494578254	0.6236227312837108	0.6834926245357044	0.6690627266177469	0.6403296689648561	0.6173154629661661	0.6382296709770401	0.689509592116909	0.6465617998069536
50	50	0.6144734279449984	0.6375236786353552	0.6704218383019026	0.6619916096453993	0.6567435125539898	0.6224424303388619	0.6380763047484277	0.6878145459340996	0.6355702548981325
55	55	0.6456337633917214	0.652296347884414	0.699468264341979	0.677745650468432	0.6710376144490305	0.6436629510218698	0.6546340934300406	0.7164421736467991	0.6708409606980442
60	60	0.6686688776887638	0.6587438132123855	0.7113517523733343	0.705547828541419	0.6948792974226706	0.6727751272520534	0.6771302138571562	0.7298698378423585	0.7018924619210294
65	65	0.686566239040513	0.6733817823676334	0.7233750624629041	0.7264244216008833	0.7132935790700102	0.6842171774658741	0.6932260998018511	0.7414823829895327	0.727598781189619
70	70	0.6824920696444323	0.6742632399023367	0.7208622766090382	0.718666400062361	0.7220810170183201	0.6807450527338844	0.6946462170959242	0.7360287011342239	0.7365805853409559
=======
5	5	0.7707432148880311	0.8989700714587514	0.8891716171609391	0.8573516943421419	0.9091265717059251	0.846812269107368	0.8775233453820283	0.9141764211608476	0.8511379688119168
10	10	0.879945708676734	0.918443344568854	0.8774136676971572	0.8826046440572008	0.9366876429950839	0.8818826590641713	0.9392218864658217	0.9416750653330604	0.9053238061054356
15	15	0.8291623667857481	0.8677332205941427	0.8218196674590141	0.8375721891524469	0.8955742478392507	0.8542376698865934	0.9148298696505621	0.8729498873506161	0.8947079024832607
20	20	0.8206069164610247	0.8666178773864857	0.8280065064266203	0.8600269936377751	0.8768302819939933	0.8665181500376049	0.8686887113280569	0.863562787372779	0.8703776152098703
25	25	0.8259255801961706	0.869819623063752	0.8374653467490436	0.8628849237928149	0.876738238377379	0.8680317941327178	0.8677857141832307	0.8655837456791243	0.8762207323576264
30	30	0.8399097228993047	0.9011834240759488	0.8700455947301451	0.8873169884602291	0.922192543528736	0.8938934707440443	0.9122869203839354	0.8937282706939739	0.9144720069279412
35	35	0.8318415817673321	0.9000918722591595	0.8754478478104002	0.8851700079769597	0.9212790526213828	0.8945741497950133	0.9111400875454286	0.888045040848451	0.9225618762009503
40	40	0.8421149917216255	0.8991227789524909	0.8830330449973731	0.9181187403621311	0.9067565857843283	0.9214058328363967	0.9114687176783167	0.8785890973455526	0.9270465234987935
45	45	0.8648238421697219	0.9084125361042406	0.8891998275647509	0.926728050624735	0.9226909720879493	0.9255600036223843	0.9271665584070066	0.8905111443368913	0.9295545975924216
50	50	0.8889777083167087	0.9254491871874867	0.9048913628971865	0.9269895670272676	0.9304308045526233	0.9316657053548127	0.9360338888797692	0.9340459158118859	0.9194686181771733
55	55	0.895312794956261	0.9378555535114558	0.919984122201045	0.932727753099087	0.9302456024680362	0.9374867998323936	0.9313003776004611	0.9276376211526968	0.9255754264933458
60	60	0.9037167657487417	0.9459466243756569	0.9350679879959722	0.9419904737947187	0.9341996063302638	0.9423468944019792	0.9396860983619458	0.9345785524503614	0.935626790441396
65	65	0.9106057002978535	0.9513357094803563	0.9388592235026827	0.9437426806059847	0.946693794919469	0.9453499216183122	0.9485445389428907	0.9468162743436881	0.942088250206278
70	70	0.9159716025086901	0.9534093953083586	0.9428260827043511	0.947539278596628	0.950453553416567	0.946944651242181	0.950544231378359	0.945887173679439	0.9468882978618897
>>>>>>> a951bbb27fe1746d95ffe74e96735f9f29404d4d
