size	dial	Natural_Neg	Emb_25	Emb_50	Emb_100	NLU_Tran_All
5	5	null	null	null	null	null
10	10	null	null	null	null	null
15	15	0.4801112845351702	0.5094513967675315	0.5370409559341881	0.5654883735484381	0.4304019157717044
20	20	0.5069711649661188	0.5994448203013775	0.6447043395500641	0.6685343769017775	0.4666604445246986
25	25	0.5475450935354765	0.5835286476290468	0.607419514925543	0.6379239131207075	0.44192778686948264
30	30	0.5719815409057268	0.5914470981004576	0.6161163080614476	0.6526106891117572	0.4690896089210039
35	35	0.6048051141659242	0.6360947289531871	0.6415649152950439	0.6876358770687407	0.5357720395193357
40	40	0.6028501018678919	0.6321438979791422	0.6459715039218411	0.6816214348910377	0.5630852155186468
45	45	0.6017097472541317	0.633024854109087	0.6587297131827385	0.6847747629512272	0.6003988578948668
50	50	0.6730406264565312	0.6662247039351301	0.6797400610690676	0.7023631337065357	0.6266671425993655
55	55	0.5986608269191056	0.5949692169055086	0.6108179574890197	0.634539632540092	0.6446373274673092
60	60	0.5801504691325335	0.5872114715811182	0.6057226624353025	0.6281984338780567	0.654392402928546
65	65	0.575618917053502	0.5742567288894553	0.6044501357955523	0.6195566042950703	0.6329930483725303
70	70	0.5933069189928588	0.6559317611089566	0.6867588236330253	0.7278371821078768	0.6030656055517974