size	dial	Natural_Neg	NLU_Tran_All	French+German+Potuguese	Russian+Hebrew+Arabic	Finish+Hungarian+Chinese	Spanish+Hebrew+Arabic	Finish+Hungarian+Urdu	Hungarian	Finish
5	5	0.6763278352099837	0.24810557435586195	0.3117092468631711	0.6855951899275373	0.6157026705439608	0.7004349484702391	0.2515206188229776	0.706934427819573	0.6987622830156689
10	10	0.7654521803225279	0.29304803767423254	0.3313403367847853	0.697371231783122	0.6469776715313087	0.7047808153478664	0.2833079354690252	0.7165621379654281	0.7077600099203509
15	15	0.7957419499949211	0.31578092588963835	0.3544585694283269	0.7139674588572521	0.6828146289579402	0.7113084345105805	0.3014103323045766	0.729632679541416	0.7215582354623484
20	20	0.7336765175568931	0.32244836097414253	0.3599330854311301	0.6806105189054749	0.6184807421027525	0.669460171641434	0.3400411975989896	0.6870637840578625	0.673854892846172
25	25	0.6992714880695787	0.3466137464686009	0.37042625182074146	0.6597801834979028	0.6175359579073103	0.6432613926789642	0.3576496530479904	0.6574692714324748	0.6501004378940443
30	30	0.6588528203660702	0.3391743523968246	0.35868111473474856	0.6297678045864973	0.5933577058476487	0.6236950031182481	0.3657855080895308	0.6263145302070738	0.6013961309207891
35	35	0.6679547140203965	0.37338537315389375	0.38411967907402156	0.6410419188482216	0.5962802018210753	0.6163972945873974	0.37732742125020735	0.6422077409723563	0.6154142322474996
40	40	0.6749336847964607	0.3832879083030825	0.3888932356685929	0.6378119867791083	0.603405277929968	0.622426720425012	0.38282652927458566	0.6422260683593314	0.6320435627571651
45	45	0.6830652980842141	0.3911857137441938	0.4010369799760598	0.648006633168927	0.6060248354502551	0.6288739854525938	0.38770840711554694	0.6452600337557035	0.6381943249778683
50	50	0.6464582534700367	0.38587506817666617	0.3852719966856519	0.6234295388000807	0.6017323231360582	0.6111801392862732	0.3852764126446484	0.6147409648669055	0.6259525006583829
55	55	0.6504469993288009	0.38435456763610987	0.40186896135265704	0.6300474385959008	0.6065870454626804	0.6173584333043566	0.4160183573693176	0.6212180863549697	0.6273650872369206
60	60	0.6391920485226685	0.376239218572077	0.41039651200359206	0.620477398237508	0.5985137318912939	0.6033533894015075	0.4165893612662462	0.6165188779972907	0.6185707853459954
65	65	0.6544627398511776	0.40365563548785294	0.4413930607608874	0.6384423166041981	0.6227030500692147	0.6069853441388852	0.455892335205723	0.6447474397948812	0.6265501206012799
70	70	0.6729848909472284	0.3897735333430194	0.4425069438581673	0.6313258195521481	0.6247789347789636	0.610370786101503	0.42940224102047664	0.6421364830306496	0.6201567920335046