size	dial	Natural_Neg	Emb_25	Emb_50	Emb_100	NLU_Tran_All
5	5	0.13161771164923053	0.1250127999732288	0.12485769441527965	0.12339711707792507	0.1999866980670367
10	10	0.0980736493736272	0.10420482683845655	0.10119266721444302	0.11005609173295952	0.20938161644784775
15	15	0.14417221576291364	0.13803164617706076	0.13170275987224028	0.1345353329589995	0.2531798822095236
20	20	0.19247673073044544	0.1599573177392061	0.17022966282479396	0.17121749206249542	0.25536437735149153
25	25	0.1871623781466082	0.15425688024339385	0.16458842758682574	0.1679509619157009	0.2018488921456391
30	30	0.22778199901298576	0.16777107642798555	0.16714513095239106	0.17035612386381976	0.22209216348703267
35	35	0.35735447558204875	0.23817571300236146	0.24370174212751308	0.24099458792291378	0.31388031811454925
40	40	0.3595334935350282	0.26791736089059875	0.2742172315924233	0.2670307082212645	0.2973219398983633
45	45	0.36286877271878853	0.2896251859868254	0.2807806161119252	0.2800307801638296	0.3167967926862351
50	50	0.3728788647499448	0.2994683470691163	0.2956998102504133	0.29101735419563973	0.3323388161539734
55	55	0.3633822009269728	0.28241781838669955	0.27863047133881913	0.27123248611411493	0.3223023305183795
60	60	0.3435502783254429	0.2722080891545759	0.26754353996827257	0.2522008303780763	0.3129066429519939
65	65	0.35493271956296973	0.2772107225784598	0.2742076167806151	0.2656069862341698	0.32604204851716007
70	70	0.3571510515563002	0.2768223984921495	0.2694643158562492	0.2678444230497511	0.31394019127196804