\addplot[color=green,mark=*] coordinates {
(5,5)(10,10)(15,15)(20,20)(25,25)(30,30)(35,35)(40,40)(45,45)(50,50)(55,55)(60,60)(65,65)(70,70)
};
\addlegendentry{dial}

\addplot[color=green,mark=*] coordinates {
(5,0.07970570859314643)(10,0.10211212183702956)(15,0.1698840301234466)(20,0.2113960334671178)(25,0.2126815089744356)(30,0.26918848105666116)(35,0.40761592784850453)(40,0.4092231607911921)(45,0.4322979339979202)(50,0.43689692147174053)(55,0.43648105675652527)(60,0.4195148247014527)(65,0.42938376482758667)(70,0.4385712523054791)
};
\addlegendentry{Natural\_Neg}

\addplot[color=green,mark=*] coordinates {
(5,0.07327032785731447)(10,0.09659630491282829)(15,0.1472347502180308)(20,0.17717911877364517)(25,0.18804155632956837)(30,0.21716577377780477)(35,0.3116142813669028)(40,0.334553028682509)(45,0.37323430978511196)(50,0.37600421876467605)(55,0.36535590830480336)(60,0.35468531487286387)(65,0.3672562746672984)(70,0.3737554347344105)
};
\addlegendentry{Emb\_25}

\addplot[color=green,mark=*] coordinates {
(5,0.0728719191531744)(10,0.09661860475933368)(15,0.14591212376730442)(20,0.18562655171272485)(25,0.19729694493111563)(30,0.2163706656890549)(35,0.317487192989731)(40,0.33964830514537014)(45,0.36075474509604366)(50,0.36950950912877295)(55,0.3589809653221366)(60,0.35215468894058544)(65,0.36476086023579013)(70,0.3653267422699649)
};
\addlegendentry{Emb\_50}

\addplot[color=green,mark=*] coordinates {
(5,0.06880960179682748)(10,0.10528642480030906)(15,0.14761987471012902)(20,0.1879871563582817)(25,0.1996242733623535)(30,0.2185376752866191)(35,0.3126946921347249)(40,0.3263051714057925)(45,0.3574187095495344)(50,0.36635127390662814)(55,0.35589891649881855)(60,0.3433892276751923)(65,0.3580805661468537)(70,0.36519972025623687)
};
\addlegendentry{Emb\_100}

\addplot[color=green,mark=*] coordinates {
(5,0.10923276886627549)(10,0.17762360500651772)(15,0.2402041351893487)(20,0.2845598092261314)(25,0.24027322003517887)(30,0.27870419901493243)(35,0.3869876643146724)(40,0.36881287232790194)(45,0.3911736471572297)(50,0.4055940758596245)(55,0.40584241523649034)(60,0.401046772005272)(65,0.4190208952155893)(70,0.4112508796278294)
};
\addlegendentry{NLU\_Tran\_All}

