size	dial	Natural_Neg	Emb_25	Emb_50	Emb_100	NLU_Tran_All
5	5	0.02909090909090909	0.02	0.02	0.021818181818181816	0.06727272727272728
10	10	0.045454545454545456	0.034545454545454546	0.034545454545454546	0.038181818181818185	0.06727272727272728
15	15	0.07173659673659674	0.060827505827505825	0.06446386946386946	0.06446386946386946	0.12854312354312353
20	20	0.14343822843822843	0.13045454545454546	0.13547785547785546	0.13227272727272726	0.17716783216783216
25	25	0.18504144004144002	0.16929292929292927	0.17416472416472417	0.16775446775446773	0.21544807044807043
30	30	0.18692696192696195	0.16640119140119142	0.1729396529396529	0.16991970991970992	0.21425925925925923
35	35	0.18738150738150738	0.16849909349909348	0.17337088837088835	0.17188940688940688	0.21861662603041912
40	40	0.1843045843045843	0.16039886039886037	0.16696063196063196	0.16881248381248382	0.19893131134510444
45	45	0.20338192487446222	0.17745362155809916	0.17295339541608196	0.16693732193732194	0.22434967407690004
50	50	0.20702934434277717	0.1635806785806786	0.16665760165760166	0.1635806785806786	0.22293941766664363
55	55	0.23826175768532948	0.19482414775518225	0.20095468388571835	0.20095468388571835	0.2666520337518793
60	60	0.2394738788974507	0.19555841348944797	0.2047425626735971	0.19971925265028714	0.24477279358905707
65	65	0.2840843541049408	0.2162644904513149	0.2204253296121541	0.2171865313733558	0.2841935061183646
70	70	0.2646625498555503	0.17174051506527058	0.17309379141854694	0.1694237577485133	0.28088348280834124