size	dial	Natural_Neg	NLU_Tran_All	French+German+Potuguese	Russian+Hebrew+Arabic	Finish+Hungarian+Chinese	Spanish+Hebrew+Arabic	Finish+Hungarian+Urdu	Hungarian	Finish
<<<<<<< HEAD
5	5	0.28830545449215583	0.4313533670356361	0.4444050869613954	0.31984951101891096	0.42278638795081047	0.3129735083889439	0.45729601107356543	0.3693976308074392	0.4122448319251319
10	10	0.38674289722242533	0.4537715726271315	0.47656097566678596	0.3948938737413616	0.4653756973497094	0.3703465607433055	0.4811708702940942	0.4354171363307139	0.4592111480111581
15	15	0.43338452576776154	0.4914792009440445	0.5004777960391322	0.45067304860920593	0.5064124423432463	0.4059464795547279	0.5085528307427523	0.4840915689454629	0.5014454789614449
20	20	0.4442167583152883	0.5119387828741926	0.5251883447739251	0.48446496512972403	0.5278152990692259	0.4375409408224966	0.5204078305553415	0.495604148817554	0.5148516529267471
25	25	0.47433512529081623	0.5349435950650557	0.5195823729870471	0.49930239713125396	0.5454795436733267	0.4716556425455295	0.5444639976375323	0.518620288357446	0.5352941146753644
30	30	0.4990044932220242	0.5595568267330492	0.5245675175401159	0.5347969666846403	0.566262623118314	0.49579744880297605	0.5588167528167893	0.5473032926793222	0.5691002441262965
35	35	0.49963337684613157	0.5658058649947715	0.5394111930787429	0.5567080544996589	0.5804117105849674	0.5139584717102688	0.5688646002556641	0.5642739568167647	0.5889318158534038
40	40	0.5305971054261749	0.575488071296123	0.5712543124200524	0.5703431244638744	0.5961278986060926	0.5511113362746857	0.589491742778762	0.5881164250532915	0.6036919833659444
45	45	0.5362041953125137	0.5900346849932581	0.5838662071036805	0.5936064612953356	0.6006154753336524	0.5598134011325689	0.5988980250854021	0.5984818592496786	0.6042259074967483
50	50	0.5519374200120393	0.6060520581198273	0.5899841322641844	0.6021805045472793	0.6190521758752467	0.5800048295099577	0.6107917761781544	0.6163468498836016	0.6053130522961538
55	55	0.5685190593803114	0.6125040815306513	0.6058667987886851	0.6108658587250904	0.6269521381487364	0.5922854407349991	0.6191749889627701	0.6334318381588312	0.623459914149066
60	60	0.5782708602797596	0.6181850010092516	0.6097622688627033	0.6243104145774391	0.64265829272064	0.6048610431822878	0.6295985970641955	0.6402198777057192	0.6400356833981169
65	65	0.5843996699395664	0.6296605612799366	0.6172175618263037	0.6369680910519199	0.6548729033341386	0.6131107867812421	0.640746520240958	0.6478861045659615	0.6550754871419848
70	70	0.5777468405975569	0.6308218083909837	0.6191407751171868	0.6331507681623394	0.6606618138789473	0.613514960117957	0.6426761789527238	0.6439329082094364	0.6606658870316302
=======
5	5	0.5654574772112253	0.6408902453205718	0.6365460460243204	0.6082287036740779	0.6312911756527593	0.6119899795748932	0.626531745218443	0.644928250634701	0.609943510016812
10	10	0.6241949113658416	0.682257914181809	0.6510195013882214	0.6602250792912804	0.6655624886740854	0.6594731932448046	0.6698136866876865	0.6808453997225448	0.6463213177771606
15	15	0.6059544316727176	0.666598019849757	0.6284738515497816	0.6602117836429832	0.6655811330936425	0.6663605017860567	0.6837246013169812	0.6539476462571778	0.6562526051052421
20	20	0.6058580762497006	0.6682484375834439	0.6405001962671066	0.6693196883225014	0.6579186629988543	0.6682848287395082	0.6568532418793509	0.6615462023089447	0.6500590397339309
25	25	0.6237526935906357	0.6722918061475328	0.6419708740835757	0.670640603518163	0.661550865579707	0.6705489416132452	0.660406746488347	0.6627875509670299	0.6635740622395379
30	30	0.630984324882929	0.6939351061306434	0.6639556408057092	0.6910679134831588	0.6862001698068811	0.6910481769729347	0.6904938984951249	0.6781569142848198	0.6919244016364634
35	35	0.6395473220899731	0.7071192821091856	0.6880318235990579	0.7044655247002604	0.7061386927549662	0.7106101821134135	0.705632935215403	0.687902734364013	0.7071998791895435
40	40	0.6556248576733946	0.7143935201446008	0.6980318412252504	0.7288352486539196	0.705736286529221	0.7300042390241167	0.7151836608698	0.6922894570597952	0.7208010182434978
45	45	0.6778076231167464	0.7285640845956428	0.7180089366403379	0.7462140682272748	0.7316069005153836	0.7416644386022085	0.7391674198028105	0.7149015201184841	0.7330503033251641
50	50	0.6933038386694604	0.7390786956048047	0.7263512838454973	0.7440701934371728	0.7387701824533186	0.7442059035002787	0.749854118762166	0.7422011056420134	0.7275305662393088
55	55	0.6977424519448976	0.7456157890755113	0.7319642705047079	0.7419378751308415	0.7340763361465376	0.7440176620465347	0.7447460054851603	0.7381800295016896	0.7312676722937423
60	60	0.6969930894793075	0.7484899082824101	0.736616079659113	0.7480133422079475	0.7372889518454457	0.7507069622631563	0.747336797307603	0.7418549565022312	0.7384696933048182
65	65	0.7054242419626293	0.7590554523901545	0.7473209235823003	0.7589054268047698	0.7476370394525205	0.7602876224506846	0.7625002151489894	0.7537678935136304	0.7434695242753799
70	70	0.715980975863998	0.7622903316473697	0.7517937878693344	0.7643836869728043	0.7527192134295559	0.7634225620445249	0.7675384045633995	0.7547761534162912	0.7546802339811081
>>>>>>> a951bbb27fe1746d95ffe74e96735f9f29404d4d
