\addplot[color=green,mark=*] coordinates {
(5,5)(10,10)(15,15)(20,20)(25,25)(30,30)(35,35)(40,40)(45,45)(50,50)(55,55)(60,60)(65,65)(70,70)
};
\addlegendentry{dial}

\addplot[color=green,mark=*] coordinates {
<<<<<<< HEAD
(5,0.27039746208380416)(10,0.3259364392622063)(15,0.33109675031541613)(20,0.37062216742412757)(25,0.39903902615174797)(30,0.41761185858151195)(35,0.43273927010646285)(40,0.473911701452595)(45,0.4842906244535167)(50,0.5073078001628548)(55,0.5128643020468856)(60,0.5067248875528352)(65,0.5035259664091332)(70,0.49625237625153107)
=======
(5,0.34439284027143674)(10,0.3617210980341058)(15,0.3726574033287859)(20,0.39212415186036254)(25,0.4226973827693469)(30,0.4244858987561721)(35,0.44161146064056966)(40,0.45880800542536726)(45,0.47949104999442776)(50,0.4852656020832553)(55,0.4932173581655407)(60,0.48773412252756787)(65,0.5004943111817823)(70,0.5073387972683021)
>>>>>>> a951bbb27fe1746d95ffe74e96735f9f29404d4d
};
\addlegendentry{Natural\_Neg}

\addplot[color=green,mark=*] coordinates {
<<<<<<< HEAD
(5,0.4717064839888071)(10,0.4752225214454809)(15,0.48664246192968186)(20,0.5088265351362594)(25,0.5258600012766268)(30,0.5522493310185256)(35,0.5552241234238894)(40,0.5631295597466298)(45,0.5717109401373792)(50,0.5885028382359074)(55,0.5866265501133218)(60,0.5913179428795815)(65,0.598575613749762)(70,0.5996953494213721)
=======
(5,0.3825315621829357)(10,0.42615030103814266)(15,0.4517057955361108)(20,0.46690268433090426)(25,0.4740841596530362)(30,0.4876847023915776)(35,0.5067120457260158)(40,0.5117208070233641)(45,0.530613460624948)(50,0.5329010105632238)(55,0.5397026146250452)(60,0.5387507457515393)(65,0.5628197145978061)(70,0.5639390131625384)
>>>>>>> a951bbb27fe1746d95ffe74e96735f9f29404d4d
};
\addlegendentry{NLU\_Tran\_All}

\addplot[color=green,mark=*] coordinates {
<<<<<<< HEAD
(5,0.31847263585856034)(10,0.34192752245604835)(15,0.3514558127004575)(20,0.40565828211758187)(25,0.4128596886830655)(30,0.4352004585206629)(35,0.4570065226347314)(40,0.49444836346040955)(45,0.502367733850305)(50,0.5209368670663777)(55,0.5238104305014328)(60,0.5214812682184197)(65,0.522173374047717)(70,0.5309722278383864)
=======
(5,0.38246760912833877)(10,0.40881421322314077)(15,0.42479681112645473)(20,0.4499488207130695)(25,0.45135526018276917)(30,0.4608071168594483)(35,0.49617709995074855)(40,0.5045662935623114)(45,0.5345813313297281)(50,0.534652978858418)(55,0.5383608845706872)(60,0.5343155779986092)(65,0.5538036760079385)(70,0.5529505909069169)
>>>>>>> a951bbb27fe1746d95ffe74e96735f9f29404d4d
};
\addlegendentry{French+German+Potuguese}

\addplot[color=green,mark=*] coordinates {
<<<<<<< HEAD
(5,0.35226679705184133)(10,0.3914334958223445)(15,0.41144585301119496)(20,0.44083608785685835)(25,0.4609608567871136)(30,0.48198970072244407)(35,0.5057844055580714)(40,0.532977573102791)(45,0.5450639212493983)(50,0.5640016856621999)(55,0.5662583564910174)(60,0.5659190354423124)(65,0.5704981998465887)(70,0.5694389774246604)
=======
(5,0.3619646672961244)(10,0.41986174738146065)(15,0.4557513932685599)(20,0.46837524879479486)(25,0.47512709396867414)(30,0.489559097010423)(35,0.5090446392741976)(40,0.521460922026839)(45,0.5468621946840883)(50,0.5437050770171353)(55,0.5419328417721012)(60,0.5434801837703628)(65,0.5679178249999552)(70,0.5726173384416986)
>>>>>>> a951bbb27fe1746d95ffe74e96735f9f29404d4d
};
\addlegendentry{Russian+Hebrew+Arabic}

\addplot[color=green,mark=*] coordinates {
<<<<<<< HEAD
(5,0.4757482184966325)(10,0.4913923794092555)(15,0.5063417016260534)(20,0.526552329649627)(25,0.5361117724588653)(30,0.5534606442517118)(35,0.5610031197531666)(40,0.5760490417232477)(45,0.5794947147059204)(50,0.5977466890683989)(55,0.6011312413472867)(60,0.6091376133520287)(65,0.615116085817865)(70,0.6180590520575805)
=======
(5,0.36230241730696083)(10,0.38610237118296753)(15,0.4311307647090367)(20,0.4393713762510913)(25,0.45365632512371834)(30,0.4604475950803302)(35,0.48859717645867784)(40,0.4924150830772901)(45,0.5258674848855935)(50,0.5298072228462526)(55,0.5280047859455321)(60,0.5312984983961573)(65,0.5461763019677833)(70,0.549982742829705)
>>>>>>> a951bbb27fe1746d95ffe74e96735f9f29404d4d
};
\addlegendentry{Finish+Hungarian+Chinese}

\addplot[color=green,mark=*] coordinates {
<<<<<<< HEAD
(5,0.3494245752610569)(10,0.3844702797082095)(15,0.3973327656320146)(20,0.42763226442319835)(25,0.45310700438150275)(30,0.4690628149925945)(35,0.49083535755939545)(40,0.521783885935301)(45,0.5327678750231473)(50,0.5599002405333142)(55,0.5642743401577155)(60,0.5618939282934714)(65,0.5642440913872309)(70,0.5668835484653193)
=======
(5,0.37418424490335905)(10,0.4193983146834359)(15,0.45344047376386165)(20,0.46095601693112875)(25,0.467528126861266)(30,0.4835461904405628)(35,0.5121166528462172)(40,0.5216338749813596)(45,0.5403781803613253)(50,0.5391446548708093)(55,0.5414155259652489)(60,0.5477919144780267)(65,0.5710442869932304)(70,0.5706528885236117)
>>>>>>> a951bbb27fe1746d95ffe74e96735f9f29404d4d
};
\addlegendentry{Spanish+Hebrew+Arabic}

\addplot[color=green,mark=*] coordinates {
<<<<<<< HEAD
(5,0.46540656219684823)(10,0.4747429461704254)(15,0.48078250200946726)(20,0.49983511885802984)(25,0.5182164552625298)(30,0.539484347685929)(35,0.5451905951229439)(40,0.5597085785049785)(45,0.5638908860676279)(50,0.5853717173479789)(55,0.5862340605360565)(60,0.5879337025160882)(65,0.5952295169509206)(70,0.5978839169046853)
=======
(5,0.3756645821160804)(10,0.39105767216921333)(15,0.446904262329494)(20,0.44591571313288225)(25,0.46415869158601897)(30,0.4801629647481628)(35,0.5009331021272011)(40,0.5124337382948538)(45,0.5428549915479379)(50,0.5502702808088564)(55,0.5472232673912594)(60,0.5476183116424653)(65,0.5746729329585212)(70,0.5790118589130103)
>>>>>>> a951bbb27fe1746d95ffe74e96735f9f29404d4d
};
\addlegendentry{Finish+Hungarian+Urdu}

\addplot[color=green,mark=*] coordinates {
<<<<<<< HEAD
(5,0.37046031009755354)(10,0.40304582160739566)(15,0.4164887417864427)(20,0.4380878557979823)(25,0.45759052333648)(30,0.4767523421562415)(35,0.504237381787292)(40,0.5358039788681083)(45,0.5356032875474677)(50,0.565460299542556)(55,0.5727793303984314)(60,0.5721858448461253)(65,0.5748958222923909)(70,0.5728232790853437)
=======
(5,0.3770928470082049)(10,0.4051322166609004)(15,0.42270226425022156)(20,0.45221671097316624)(25,0.46529464521427527)(30,0.46853414207473315)(35,0.48280866708146286)(40,0.49331398067373283)(45,0.5242957413139188)(50,0.5343389382418946)(55,0.5373589968194983)(60,0.5384879915509325)(65,0.5573185194520842)(70,0.5582416305866464)
>>>>>>> a951bbb27fe1746d95ffe74e96735f9f29404d4d
};
\addlegendentry{Hungarian}

\addplot[color=green,mark=*] coordinates {
<<<<<<< HEAD
(5,0.4822860803189741)(10,0.48887555441100217)(15,0.4956906416883009)(20,0.5077651529891372)(25,0.5202704100498892)(30,0.5367175947764564)(35,0.549450149514231)(40,0.565055622032398)(45,0.5710494060277902)(50,0.580688877177551)(55,0.5851706965596325)(60,0.5878262993276229)(65,0.593802055315418)(70,0.5965440791157098)
=======
(5,0.3666561527000579)(10,0.38389779353073367)(15,0.4117553163364643)(20,0.4333014961953056)(25,0.4602077822049709)(30,0.4743969616268585)(35,0.4917620362416388)(40,0.5083122349084057)(45,0.5345232815474004)(50,0.5293782791567112)(55,0.535939997916689)(60,0.5398790527636146)(65,0.5445372659204547)(70,0.5554510455975887)
>>>>>>> a951bbb27fe1746d95ffe74e96735f9f29404d4d
};
\addlegendentry{Finish}

