size	dial	Natural_Neg	NLU_Tran_All	French+German+Potuguese	Russian+Hebrew+Arabic	Finish+Hungarian+Chinese	Spanish+Hebrew+Arabic	Finish+Hungarian+Urdu	Hungarian	Finish
<<<<<<< HEAD
5	5	0.1568972927587767	0.28712244795689157	0.11288948036417294	0.3176570292002281	0.29047209344780844	0.31303025758625697	0.30173889422198436	0.3060081221499943	0.283870744548799
10	10	0.2233466009656216	0.2949778782226234	0.16741422090647334	0.32464728963149325	0.29877837981166316	0.31952865879113157	0.31424465454375794	0.316228250641582	0.2964599872784145
15	15	0.24055990116058354	0.3188835041426358	0.1950044278724742	0.33627310190112497	0.3174233224806778	0.33694115174615336	0.3319414566121474	0.3329492929760206	0.3174847609981726
20	20	0.3369086254355735	0.3658006507884579	0.33900013520044	0.3857004831507346	0.36942679676935225	0.3895823413058744	0.3848752618221704	0.3662434479431097	0.37012559912611576
25	25	0.37167679550839816	0.38660167181519356	0.32659769429273244	0.4115533022883878	0.3915917773843171	0.40837151736128563	0.40453446289842204	0.3882818435559249	0.40676466645768466
30	30	0.3532649963960329	0.4115066629711482	0.3730314311783611	0.4475105366716353	0.41216499421858127	0.4176654776482801	0.43398749432268724	0.41581610827046056	0.4381460628035666
35	35	0.3832013711831447	0.43756079772065204	0.4094383525667749	0.4727670760562538	0.44069918222224186	0.46797098180179375	0.45327370285822416	0.4680133945286973	0.468672873452545
40	40	0.42371247838699294	0.4391131855481868	0.4429233418437022	0.49125494294775096	0.46243724570481615	0.45858641742373074	0.47495506633829965	0.47649781193915014	0.483657184189701
45	45	0.4745271520519082	0.4642825332895956	0.47021755489543315	0.5119269539715056	0.47933422012410853	0.49517982607053845	0.4965773795899072	0.4750897816203681	0.512068656332116
50	50	0.4910779542142164	0.5158425356239481	0.514350997886525	0.536402287979022	0.5182972423085126	0.5356214404347657	0.5476181365575713	0.5324761445776816	0.546850675627051
55	55	0.4816329229736548	0.5110481390689705	0.5104655960578188	0.534435380612498	0.5124387840784188	0.5330652401186692	0.5428115996674007	0.5283830921183218	0.5401681110070868
60	60	0.4773230982894784	0.5080578415978122	0.5070489704397559	0.528931372022222	0.517163210960759	0.5246390226546327	0.5262384446863301	0.5360211089973107	0.5250569982129429
65	65	0.4689044417315878	0.5287385317623523	0.5126388482803653	0.5429541152487222	0.5277353173816424	0.5375944882416772	0.5382418254889945	0.5459759369976298	0.537460186582033
70	70	0.45173009280197196	0.5307890723467015	0.5195662536718381	0.5481535718893706	0.5263753352022792	0.5472656213450005	0.5429757427453229	0.5388538263935441	0.5439113232292845
=======
5	5	0.42604402234751754	0.41846872668465274	0.4389276125993848	0.3655679420351042	0.3259629911064545	0.41708064848057713	0.3929928699154715	0.38647365491654584	0.3869014573298774
10	10	0.4517045290694982	0.5648294130279943	0.5917604901046114	0.548808408369754	0.4454720232386973	0.546320096635825	0.45399175647036155	0.5170143356317278	0.4502418868547865
15	15	0.4756332220668038	0.5754461967833032	0.6052136909440903	0.6403818937858314	0.5078057441655011	0.6284493312508104	0.534072497444183	0.5533224142742806	0.4742470374830295
20	20	0.43872298042581803	0.5602634007299676	0.5953943469742435	0.6001811982326293	0.5084488642205836	0.5842995098073801	0.5069195397616593	0.5734798951952355	0.4757018475388547
25	25	0.5229593319534304	0.6032142443375325	0.5653944520973717	0.6002538762717496	0.5385597281947246	0.5910172119629177	0.5389908431611005	0.5646819470572896	0.5428203559481266
30	30	0.48735202629279983	0.5968011864425172	0.5522154898253725	0.6104736430175715	0.4912906807585034	0.5949435451001901	0.5203492768343798	0.5099777289789529	0.5565708250740152
35	35	0.4842771530751282	0.591940260819434	0.5680445830661129	0.6050857182468257	0.5035737391997882	0.5912069457458997	0.5219250609271942	0.49534339824386764	0.5393131649835124
40	40	0.5378271087070825	0.6539337348431495	0.5990530667852979	0.6348589969243787	0.5682619256558943	0.6236096928957756	0.5834547565640639	0.5622328143951322	0.5982718443889111
45	45	0.574393493243317	0.6769900954922343	0.6534429928655424	0.6705426617102047	0.637193155084689	0.6539067831604398	0.6257869002776614	0.6153023656831051	0.6375905676354031
50	50	0.5512932446737182	0.6616243581980623	0.635079823365343	0.6376218443170962	0.6298204726298232	0.6324876196863995	0.6360573463212841	0.609291984569539	0.6113301667191464
55	55	0.5497045568538901	0.6537798133223688	0.6146147537772182	0.6202427309067283	0.614773378925553	0.614266426220591	0.6298276274779822	0.612197219461842	0.5908711379179781
60	60	0.5247281816524787	0.6287943173666763	0.5939999308534071	0.61244096059484	0.601098518809474	0.6073907254805548	0.6137363855163663	0.5946667226003721	0.5842445755226479
65	65	0.5190449518007118	0.6422081773920129	0.6130595860213273	0.6400077471955624	0.6030662866215882	0.624620288805732	0.6466617816549869	0.5982873794130305	0.592789337754638
70	70	0.5780936810154053	0.6742119125481173	0.6493420944919785	0.6751449180550649	0.6290691607321348	0.6623584856488556	0.6815102588870686	0.6249561782405324	0.6462419903628582
>>>>>>> a951bbb27fe1746d95ffe74e96735f9f29404d4d
