\addplot[color=green,mark=*] coordinates {
(5,5)(10,10)(15,15)(20,20)(25,25)(30,30)(35,35)(40,40)(45,45)(50,50)(55,55)(60,60)(65,65)(70,70)
};
\addlegendentry{dial}

\addplot[color=green,mark=*] coordinates {
(5,0.02909090909090909)(10,0.045454545454545456)(15,0.07173659673659674)(20,0.14343822843822843)(25,0.18504144004144002)(30,0.18692696192696195)(35,0.18738150738150738)(40,0.1843045843045843)(45,0.20338192487446222)(50,0.20702934434277717)(55,0.23826175768532948)(60,0.2394738788974507)(65,0.2840843541049408)(70,0.2646625498555503)
};
\addlegendentry{Natural\_Neg}

\addplot[color=green,mark=*] coordinates {
(5,0.02)(10,0.034545454545454546)(15,0.060827505827505825)(20,0.13045454545454546)(25,0.16929292929292927)(30,0.16640119140119142)(35,0.16849909349909348)(40,0.16039886039886037)(45,0.17745362155809916)(50,0.1635806785806786)(55,0.19482414775518225)(60,0.19555841348944797)(65,0.2162644904513149)(70,0.17174051506527058)
};
\addlegendentry{Emb\_25}

\addplot[color=green,mark=*] coordinates {
(5,0.02)(10,0.034545454545454546)(15,0.06446386946386946)(20,0.13547785547785546)(25,0.17416472416472417)(30,0.1729396529396529)(35,0.17337088837088835)(40,0.16696063196063196)(45,0.17295339541608196)(50,0.16665760165760166)(55,0.20095468388571835)(60,0.2047425626735971)(65,0.2204253296121541)(70,0.17309379141854694)
};
\addlegendentry{Emb\_50}

\addplot[color=green,mark=*] coordinates {
(5,0.021818181818181816)(10,0.038181818181818185)(15,0.06446386946386946)(20,0.13227272727272726)(25,0.16775446775446773)(30,0.16991970991970992)(35,0.17188940688940688)(40,0.16881248381248382)(45,0.16693732193732194)(50,0.1635806785806786)(55,0.20095468388571835)(60,0.19971925265028714)(65,0.2171865313733558)(70,0.1694237577485133)
};
\addlegendentry{Emb\_100}

\addplot[color=green,mark=*] coordinates {
(5,0.06727272727272728)(10,0.06727272727272728)(15,0.12854312354312353)(20,0.17716783216783216)(25,0.21544807044807043)(30,0.21425925925925923)(35,0.21861662603041912)(40,0.19893131134510444)(45,0.22434967407690004)(50,0.22293941766664363)(55,0.2666520337518793)(60,0.24477279358905707)(65,0.2841935061183646)(70,0.28088348280834124)
};
\addlegendentry{NLU\_Tran\_All}

