\addplot[color=green,mark=*] coordinates {
(5,5)(10,10)(15,15)(20,20)(25,25)(30,30)(35,35)(40,40)(45,45)(50,50)(55,55)(60,60)(65,65)(70,70)
};
\addlegendentry{dial}

\addplot[color=green,mark=*] coordinates {
<<<<<<< HEAD
(5,0.28830545449215583)(10,0.38674289722242533)(15,0.43338452576776154)(20,0.4442167583152883)(25,0.47433512529081623)(30,0.4990044932220242)(35,0.49963337684613157)(40,0.5305971054261749)(45,0.5362041953125137)(50,0.5519374200120393)(55,0.5685190593803114)(60,0.5782708602797596)(65,0.5843996699395664)(70,0.5777468405975569)
=======
(5,0.5654574772112253)(10,0.6241949113658416)(15,0.6059544316727176)(20,0.6058580762497006)(25,0.6237526935906357)(30,0.630984324882929)(35,0.6395473220899731)(40,0.6556248576733946)(45,0.6778076231167464)(50,0.6933038386694604)(55,0.6977424519448976)(60,0.6969930894793075)(65,0.7054242419626293)(70,0.715980975863998)
>>>>>>> a951bbb27fe1746d95ffe74e96735f9f29404d4d
};
\addlegendentry{Natural\_Neg}

\addplot[color=green,mark=*] coordinates {
<<<<<<< HEAD
(5,0.4313533670356361)(10,0.4537715726271315)(15,0.4914792009440445)(20,0.5119387828741926)(25,0.5349435950650557)(30,0.5595568267330492)(35,0.5658058649947715)(40,0.575488071296123)(45,0.5900346849932581)(50,0.6060520581198273)(55,0.6125040815306513)(60,0.6181850010092516)(65,0.6296605612799366)(70,0.6308218083909837)
=======
(5,0.6408902453205718)(10,0.682257914181809)(15,0.666598019849757)(20,0.6682484375834439)(25,0.6722918061475328)(30,0.6939351061306434)(35,0.7071192821091856)(40,0.7143935201446008)(45,0.7285640845956428)(50,0.7390786956048047)(55,0.7456157890755113)(60,0.7484899082824101)(65,0.7590554523901545)(70,0.7622903316473697)
>>>>>>> a951bbb27fe1746d95ffe74e96735f9f29404d4d
};
\addlegendentry{NLU\_Tran\_All}

\addplot[color=green,mark=*] coordinates {
<<<<<<< HEAD
(5,0.4444050869613954)(10,0.47656097566678596)(15,0.5004777960391322)(20,0.5251883447739251)(25,0.5195823729870471)(30,0.5245675175401159)(35,0.5394111930787429)(40,0.5712543124200524)(45,0.5838662071036805)(50,0.5899841322641844)(55,0.6058667987886851)(60,0.6097622688627033)(65,0.6172175618263037)(70,0.6191407751171868)
=======
(5,0.6365460460243204)(10,0.6510195013882214)(15,0.6284738515497816)(20,0.6405001962671066)(25,0.6419708740835757)(30,0.6639556408057092)(35,0.6880318235990579)(40,0.6980318412252504)(45,0.7180089366403379)(50,0.7263512838454973)(55,0.7319642705047079)(60,0.736616079659113)(65,0.7473209235823003)(70,0.7517937878693344)
>>>>>>> a951bbb27fe1746d95ffe74e96735f9f29404d4d
};
\addlegendentry{French+German+Potuguese}

\addplot[color=green,mark=*] coordinates {
<<<<<<< HEAD
(5,0.31984951101891096)(10,0.3948938737413616)(15,0.45067304860920593)(20,0.48446496512972403)(25,0.49930239713125396)(30,0.5347969666846403)(35,0.5567080544996589)(40,0.5703431244638744)(45,0.5936064612953356)(50,0.6021805045472793)(55,0.6108658587250904)(60,0.6243104145774391)(65,0.6369680910519199)(70,0.6331507681623394)
=======
(5,0.6082287036740779)(10,0.6602250792912804)(15,0.6602117836429832)(20,0.6693196883225014)(25,0.670640603518163)(30,0.6910679134831588)(35,0.7044655247002604)(40,0.7288352486539196)(45,0.7462140682272748)(50,0.7440701934371728)(55,0.7419378751308415)(60,0.7480133422079475)(65,0.7589054268047698)(70,0.7643836869728043)
>>>>>>> a951bbb27fe1746d95ffe74e96735f9f29404d4d
};
\addlegendentry{Russian+Hebrew+Arabic}

\addplot[color=green,mark=*] coordinates {
<<<<<<< HEAD
(5,0.42278638795081047)(10,0.4653756973497094)(15,0.5064124423432463)(20,0.5278152990692259)(25,0.5454795436733267)(30,0.566262623118314)(35,0.5804117105849674)(40,0.5961278986060926)(45,0.6006154753336524)(50,0.6190521758752467)(55,0.6269521381487364)(60,0.64265829272064)(65,0.6548729033341386)(70,0.6606618138789473)
=======
(5,0.6312911756527593)(10,0.6655624886740854)(15,0.6655811330936425)(20,0.6579186629988543)(25,0.661550865579707)(30,0.6862001698068811)(35,0.7061386927549662)(40,0.705736286529221)(45,0.7316069005153836)(50,0.7387701824533186)(55,0.7340763361465376)(60,0.7372889518454457)(65,0.7476370394525205)(70,0.7527192134295559)
>>>>>>> a951bbb27fe1746d95ffe74e96735f9f29404d4d
};
\addlegendentry{Finish+Hungarian+Chinese}

\addplot[color=green,mark=*] coordinates {
<<<<<<< HEAD
(5,0.3129735083889439)(10,0.3703465607433055)(15,0.4059464795547279)(20,0.4375409408224966)(25,0.4716556425455295)(30,0.49579744880297605)(35,0.5139584717102688)(40,0.5511113362746857)(45,0.5598134011325689)(50,0.5800048295099577)(55,0.5922854407349991)(60,0.6048610431822878)(65,0.6131107867812421)(70,0.613514960117957)
=======
(5,0.6119899795748932)(10,0.6594731932448046)(15,0.6663605017860567)(20,0.6682848287395082)(25,0.6705489416132452)(30,0.6910481769729347)(35,0.7106101821134135)(40,0.7300042390241167)(45,0.7416644386022085)(50,0.7442059035002787)(55,0.7440176620465347)(60,0.7507069622631563)(65,0.7602876224506846)(70,0.7634225620445249)
>>>>>>> a951bbb27fe1746d95ffe74e96735f9f29404d4d
};
\addlegendentry{Spanish+Hebrew+Arabic}

\addplot[color=green,mark=*] coordinates {
<<<<<<< HEAD
(5,0.45729601107356543)(10,0.4811708702940942)(15,0.5085528307427523)(20,0.5204078305553415)(25,0.5444639976375323)(30,0.5588167528167893)(35,0.5688646002556641)(40,0.589491742778762)(45,0.5988980250854021)(50,0.6107917761781544)(55,0.6191749889627701)(60,0.6295985970641955)(65,0.640746520240958)(70,0.6426761789527238)
=======
(5,0.626531745218443)(10,0.6698136866876865)(15,0.6837246013169812)(20,0.6568532418793509)(25,0.660406746488347)(30,0.6904938984951249)(35,0.705632935215403)(40,0.7151836608698)(45,0.7391674198028105)(50,0.749854118762166)(55,0.7447460054851603)(60,0.747336797307603)(65,0.7625002151489894)(70,0.7675384045633995)
>>>>>>> a951bbb27fe1746d95ffe74e96735f9f29404d4d
};
\addlegendentry{Finish+Hungarian+Urdu}

\addplot[color=green,mark=*] coordinates {
<<<<<<< HEAD
(5,0.3693976308074392)(10,0.4354171363307139)(15,0.4840915689454629)(20,0.495604148817554)(25,0.518620288357446)(30,0.5473032926793222)(35,0.5642739568167647)(40,0.5881164250532915)(45,0.5984818592496786)(50,0.6163468498836016)(55,0.6334318381588312)(60,0.6402198777057192)(65,0.6478861045659615)(70,0.6439329082094364)
=======
(5,0.644928250634701)(10,0.6808453997225448)(15,0.6539476462571778)(20,0.6615462023089447)(25,0.6627875509670299)(30,0.6781569142848198)(35,0.687902734364013)(40,0.6922894570597952)(45,0.7149015201184841)(50,0.7422011056420134)(55,0.7381800295016896)(60,0.7418549565022312)(65,0.7537678935136304)(70,0.7547761534162912)
>>>>>>> a951bbb27fe1746d95ffe74e96735f9f29404d4d
};
\addlegendentry{Hungarian}

\addplot[color=green,mark=*] coordinates {
<<<<<<< HEAD
(5,0.4122448319251319)(10,0.4592111480111581)(15,0.5014454789614449)(20,0.5148516529267471)(25,0.5352941146753644)(30,0.5691002441262965)(35,0.5889318158534038)(40,0.6036919833659444)(45,0.6042259074967483)(50,0.6053130522961538)(55,0.623459914149066)(60,0.6400356833981169)(65,0.6550754871419848)(70,0.6606658870316302)
=======
(5,0.609943510016812)(10,0.6463213177771606)(15,0.6562526051052421)(20,0.6500590397339309)(25,0.6635740622395379)(30,0.6919244016364634)(35,0.7071998791895435)(40,0.7208010182434978)(45,0.7330503033251641)(50,0.7275305662393088)(55,0.7312676722937423)(60,0.7384696933048182)(65,0.7434695242753799)(70,0.7546802339811081)
>>>>>>> a951bbb27fe1746d95ffe74e96735f9f29404d4d
};
\addlegendentry{Finish}

