\addplot[color=green,mark=*] coordinates {
(5,5)(10,10)(15,15)(20,20)(25,25)(30,30)(35,35)(40,40)(45,45)(50,50)(55,55)(60,60)(65,65)(70,70)
};
\addlegendentry{dial}

\addplot[color=green,mark=*] coordinates {
(5,0.6763278352099837)(10,0.7654521803225279)(15,0.7957419499949211)(20,0.7336765175568931)(25,0.6992714880695787)(30,0.6588528203660702)(35,0.6679547140203965)(40,0.6749336847964607)(45,0.6830652980842141)(50,0.6464582534700367)(55,0.6504469993288009)(60,0.6391920485226685)(65,0.6544627398511776)(70,0.6729848909472284)
};
\addlegendentry{Natural\_Neg}

\addplot[color=green,mark=*] coordinates {
(5,0.24810557435586195)(10,0.29304803767423254)(15,0.31578092588963835)(20,0.32244836097414253)(25,0.3466137464686009)(30,0.3391743523968246)(35,0.37338537315389375)(40,0.3832879083030825)(45,0.3911857137441938)(50,0.38587506817666617)(55,0.38435456763610987)(60,0.376239218572077)(65,0.40365563548785294)(70,0.3897735333430194)
};
\addlegendentry{NLU\_Tran\_All}

\addplot[color=green,mark=*] coordinates {
(5,0.3117092468631711)(10,0.3313403367847853)(15,0.3544585694283269)(20,0.3599330854311301)(25,0.37042625182074146)(30,0.35868111473474856)(35,0.38411967907402156)(40,0.3888932356685929)(45,0.4010369799760598)(50,0.3852719966856519)(55,0.40186896135265704)(60,0.41039651200359206)(65,0.4413930607608874)(70,0.4425069438581673)
};
\addlegendentry{French+German+Potuguese}

\addplot[color=green,mark=*] coordinates {
(5,0.6855951899275373)(10,0.697371231783122)(15,0.7139674588572521)(20,0.6806105189054749)(25,0.6597801834979028)(30,0.6297678045864973)(35,0.6410419188482216)(40,0.6378119867791083)(45,0.648006633168927)(50,0.6234295388000807)(55,0.6300474385959008)(60,0.620477398237508)(65,0.6384423166041981)(70,0.6313258195521481)
};
\addlegendentry{Russian+Hebrew+Arabic}

\addplot[color=green,mark=*] coordinates {
(5,0.6157026705439608)(10,0.6469776715313087)(15,0.6828146289579402)(20,0.6184807421027525)(25,0.6175359579073103)(30,0.5933577058476487)(35,0.5962802018210753)(40,0.603405277929968)(45,0.6060248354502551)(50,0.6017323231360582)(55,0.6065870454626804)(60,0.5985137318912939)(65,0.6227030500692147)(70,0.6247789347789636)
};
\addlegendentry{Finish+Hungarian+Chinese}

\addplot[color=green,mark=*] coordinates {
(5,0.7004349484702391)(10,0.7047808153478664)(15,0.7113084345105805)(20,0.669460171641434)(25,0.6432613926789642)(30,0.6236950031182481)(35,0.6163972945873974)(40,0.622426720425012)(45,0.6288739854525938)(50,0.6111801392862732)(55,0.6173584333043566)(60,0.6033533894015075)(65,0.6069853441388852)(70,0.610370786101503)
};
\addlegendentry{Spanish+Hebrew+Arabic}

\addplot[color=green,mark=*] coordinates {
(5,0.2515206188229776)(10,0.2833079354690252)(15,0.3014103323045766)(20,0.3400411975989896)(25,0.3576496530479904)(30,0.3657855080895308)(35,0.37732742125020735)(40,0.38282652927458566)(45,0.38770840711554694)(50,0.3852764126446484)(55,0.4160183573693176)(60,0.4165893612662462)(65,0.455892335205723)(70,0.42940224102047664)
};
\addlegendentry{Finish+Hungarian+Urdu}

\addplot[color=green,mark=*] coordinates {
(5,0.706934427819573)(10,0.7165621379654281)(15,0.729632679541416)(20,0.6870637840578625)(25,0.6574692714324748)(30,0.6263145302070738)(35,0.6422077409723563)(40,0.6422260683593314)(45,0.6452600337557035)(50,0.6147409648669055)(55,0.6212180863549697)(60,0.6165188779972907)(65,0.6447474397948812)(70,0.6421364830306496)
};
\addlegendentry{Hungarian}

\addplot[color=green,mark=*] coordinates {
(5,0.6987622830156689)(10,0.7077600099203509)(15,0.7215582354623484)(20,0.673854892846172)(25,0.6501004378940443)(30,0.6013961309207891)(35,0.6154142322474996)(40,0.6320435627571651)(45,0.6381943249778683)(50,0.6259525006583829)(55,0.6273650872369206)(60,0.6185707853459954)(65,0.6265501206012799)(70,0.6201567920335046)
};
\addlegendentry{Finish}

