size	dial	Natural_Neg	NLU_Tran_All	French+German+Potuguese	Russian+Hebrew+Arabic	Finish+Hungarian+Chinese	Spanish+Hebrew+Arabic	Finish+Hungarian+Urdu	Hungarian	Finish
<<<<<<< HEAD
5	5	0.878912198912199	0.6552596547583057	0.8961700336700333	0.9469875159597105	0.5068213159817084	0.9421190230478157	0.590414953783805	0.883341687552214	0.39869809166389425
10	10	0.8209306099731633	0.641572792274382	0.8628792946184249	0.8995516925984026	0.5857291842251134	0.8945657386026784	0.6188975742854328	0.8434935400378528	0.5215358338997996
15	15	0.782231130183252	0.6349442076655242	0.8289570050755717	0.8949869623553834	0.6194342187260617	0.8754319788315594	0.6255593673635245	0.8102201775476354	0.5945232569944636
20	20	0.7946096728323245	0.6403393956100666	0.825869532372405	0.8841770445051351	0.6654015433747309	0.8667763997698208	0.6485113938301992	0.7949136701298746	0.6387692921831719
25	25	0.7612434455335065	0.6474978459106129	0.7547704321481983	0.8441037982536554	0.6618236411044076	0.807648699620451	0.6453850624079123	0.7489742645340111	0.6464155792923671
30	30	0.7299460327824072	0.655770371357314	0.764779785662265	0.815775979594954	0.6738042851247782	0.8069255188854816	0.6626845713889116	0.7465757701703872	0.6633501493205995
35	35	0.7564724714601636	0.6738995573415959	0.7711697997356058	0.807071044668124	0.6739278135152602	0.8053788580996306	0.6757484463580928	0.7684102406233062	0.6655841248556177
40	40	0.6919670363096766	0.664733545694096	0.7144980729495012	0.7480767813575369	0.6678545342375883	0.7530156925098737	0.668182783351445	0.7214143643331843	0.6523239779600112
45	45	0.6970263307141069	0.6666914955864932	0.715772737094659	0.7515501460755647	0.6668130487237851	0.7508685061832235	0.6626859582753519	0.7298393775708599	0.651914747046661
50	50	0.6880045198439431	0.6739810611321426	0.6953982099771572	0.7349036541150905	0.6774675098542957	0.7286406969037796	0.6664612159368305	0.705857840806301	0.6492829948089234
55	55	0.6838615871857772	0.6757494020507614	0.6979205632971406	0.7169825733577717	0.6806167046295485	0.71958136684963	0.663687582215834	0.7004174810757043	0.6450822412220107
60	60	0.6902381793565058	0.6882752888044722	0.6901917150311716	0.714940318584003	0.6876397600760578	0.7113473097590982	0.6728815165596944	0.6998754123335383	0.6499986302921538
65	65	0.6842338926975391	0.7007799372036521	0.6843826930324377	0.7155447164391826	0.6999041081629029	0.7115265909032076	0.680276432799753	0.7005959410827322	0.6557148633601941
70	70	0.6987504410719552	0.7015717896137912	0.6948726079932713	0.7267933195865317	0.6995379007020125	0.7117571735861794	0.6844239237319253	0.7087830069940804	0.6604661519983688
=======
5	5	null	null	null	null	null	null	null	null	null
10	10	null	null	null	null	null	null	null	null	null
15	15	null	null	null	null	null	null	null	null	null
20	20	null	null	null	null	null	null	null	null	null
25	25	null	null	null	null	null	null	null	null	null
30	30	null	null	null	null	null	null	null	null	null
35	35	null	0.5898414347735697	null	0.5998599873467595	null	0.6193589838944825	null	null	null
40	40	null	0.5853194348258314	null	0.6018458783062532	0.6112958762297082	0.6135181093903366	null	null	null
45	45	null	0.6469292833377456	null	0.6320414804998629	null	0.6207441217051941	null	null	null
50	50	null	0.6329227798602889	null	0.5833487847460535	null	0.5869125538188448	null	null	null
55	55	0.6760949103955616	0.6909330870779791	0.6833064762281551	0.6510327808409092	0.6969985856567751	0.6693042544484823	0.6856307362307007	0.7140067857413743	0.6361546863835722
60	60	0.6808015382729964	0.6866316783978537	0.67962123944704	0.6570969377597858	0.6992923753522043	0.6915825684731935	0.6783486736175123	0.7143872774034833	0.6460202974107162
65	65	0.6748036545165277	0.6166205029504936	null	0.6598826782955913	0.6899080388388068	0.657306300974952	0.6874909382128641	0.7186438922952887	0.6487024871215852
70	70	0.6765822140201557	0.6027674027924104	null	0.6791387887064279	0.6007322744440586	0.6838849429866628	0.6911399831880379	0.7138328816703744	0.6551670018127085
>>>>>>> a951bbb27fe1746d95ffe74e96735f9f29404d4d
