\addplot[color=green,mark=*] coordinates {
(5,5)(10,10)(15,15)(20,20)(25,25)(30,30)(35,35)(40,40)(45,45)(50,50)(55,55)(60,60)(65,65)(70,70)
};
\addlegendentry{dial}

\addplot[color=green,mark=*] coordinates {
<<<<<<< HEAD
(5,0.5488969744833108)(10,0.5415853421524246)(15,0.49950605067722015)(20,0.48778213726918757)(25,0.46491403727713887)(30,0.4943638384978725)(35,0.49427932555973575)(40,0.5137527771373067)(45,0.5157021320818986)(50,0.5348462163832783)(55,0.5393404546393439)(60,0.5146092633571326)(65,0.5240472562656899)(70,0.5236538452247956)
=======
(5,0.037333333333333336)(10,0.05647058823529412)(15,0.09116683952314916)(20,0.1203059581320451)(25,0.19378424016788856)(30,0.19234629395701724)(35,0.17683196007447813)(40,0.17895734890001042)(45,0.20073589424192884)(50,0.20262318231642565)(55,0.2680813775020593)(60,0.2949476171162557)(65,0.3312679181533459)(70,0.30938887705750406)
>>>>>>> a951bbb27fe1746d95ffe74e96735f9f29404d4d
};
\addlegendentry{Natural\_Neg}

\addplot[color=green,mark=*] coordinates {
<<<<<<< HEAD
(5,0.3477321373502346)(10,0.375308680893306)(15,0.3776960803081792)(20,0.3834582805097043)(25,0.4072743318926678)(30,0.4177015153290289)(35,0.429576486674216)(40,0.43718481872484516)(45,0.44369064822388404)(50,0.44876833799775956)(55,0.44615947029289044)(60,0.4452503169649968)(65,0.4654190112895734)(70,0.45837930545439337)
=======
(5,0.019545454545454546)(10,0.01650943396226415)(15,0.12746751987589683)(20,0.09864706187672054)(25,0.14075470083955186)(30,0.17538354973149337)(35,0.18164575361332355)(40,0.17247932484487163)(45,0.20989019193194544)(50,0.2012020951371158)(55,0.23716079453712893)(60,0.262699087326688)(65,0.3424083905132474)(70,0.35533169137807813)
>>>>>>> a951bbb27fe1746d95ffe74e96735f9f29404d4d
};
\addlegendentry{NLU\_Tran\_All}

\addplot[color=green,mark=*] coordinates {
<<<<<<< HEAD
(5,0.3684004681709289)(10,0.3611116740264627)(15,0.3553815658926681)(20,0.3620586262193544)(25,0.3625489025776996)(30,0.3804253526354008)(35,0.38319732125994976)(40,0.38955319325209575)(45,0.397713309915495)(50,0.4048055756808683)(55,0.40483802440991934)(60,0.4100149141266079)(65,0.42177770710209617)(70,0.4381126161534035)
=======
(5,0.019954648526077097)(10,0.019545454545454546)(15,0.06308253790005615)(20,0.0794523864841499)(25,0.13187007608280057)(30,0.14064963904095756)(35,0.16944096380716095)(40,0.1737290071951468)(45,0.21169068446555622)(50,0.20475772359888106)(55,0.23747375297982)(60,0.2663234637112027)(65,0.3075033255153851)(70,0.3243939166025812)
>>>>>>> a951bbb27fe1746d95ffe74e96735f9f29404d4d
};
\addlegendentry{French+German+Potuguese}

\addplot[color=green,mark=*] coordinates {
<<<<<<< HEAD
(5,0.6592611718901399)(10,0.6502570279183553)(15,0.6423213461058295)(20,0.6152689607192828)(25,0.6014896824795819)(30,0.5832506960844385)(35,0.5868148437681111)(40,0.5849990829967437)(45,0.5891289085199461)(50,0.5894022383576099)(55,0.5907915860552354)(60,0.5800160575591188)(65,0.5894201297137612)(70,0.5852474525937479)
=======
(5,0.019909502262443438)(10,0.019545454545454546)(15,0.1082801905069422)(20,0.11176046176046177)(25,0.16169043423056403)(30,0.17489863379061246)(35,0.17302785971076903)(40,0.17996779664243642)(45,0.2277789958509786)(50,0.2321393355539461)(55,0.27712137223765126)(60,0.2918901938771544)(65,0.3535470716967026)(70,0.36492102527661724)
>>>>>>> a951bbb27fe1746d95ffe74e96735f9f29404d4d
};
\addlegendentry{Russian+Hebrew+Arabic}

\addplot[color=green,mark=*] coordinates {
<<<<<<< HEAD
(5,0.6306540687903212)(10,0.6356107143849837)(15,0.6423343500434976)(20,0.5994437011518263)(25,0.5906477538312966)(30,0.5924174529625176)(35,0.5919472099478369)(40,0.5954397012168562)(45,0.5967682630054068)(50,0.5999593761963927)(55,0.6052379980813714)(60,0.6028460646262562)(65,0.616738066094178)(70,0.618002990214319)
=======
(5,0.019545454545454546)(10,0.01476923076923077)(15,0.12163393879428756)(20,0.10902425161045852)(25,0.17246027048689397)(30,0.17934003326271336)(35,0.18966986048470041)(40,0.17360940453505874)(45,0.22090424983750837)(50,0.2155593766459356)(55,0.2549265374855683)(60,0.2736884379205521)(65,0.31517703229266913)(70,0.33742082959040276)
>>>>>>> a951bbb27fe1746d95ffe74e96735f9f29404d4d
};
\addlegendentry{Finish+Hungarian+Chinese}

\addplot[color=green,mark=*] coordinates {
<<<<<<< HEAD
(5,0.667231097833884)(10,0.6618204617341997)(15,0.6543628773234373)(20,0.6264141100891039)(25,0.6024381209226248)(30,0.6008695350952158)(35,0.5938855280066984)(40,0.5929257665439207)(45,0.5974501744875649)(50,0.5952023179600479)(55,0.5968548425745634)(60,0.5855127312463437)(65,0.5845204268071367)(70,0.5854875415138695)
=======
(5,0.019954648526077097)(10,0.019545454545454546)(15,0.11890363583916522)(20,0.11205029134650597)(25,0.14103674103674105)(30,0.17749722712900454)(35,0.19356792880764698)(40,0.18852070319249276)(45,0.23133946641657754)(50,0.23634956564584525)(55,0.2867177412188417)(60,0.30223597881922737)(65,0.3753315077899847)(70,0.3690536758414969)
>>>>>>> a951bbb27fe1746d95ffe74e96735f9f29404d4d
};
\addlegendentry{Spanish+Hebrew+Arabic}

\addplot[color=green,mark=*] coordinates {
<<<<<<< HEAD
(5,0.3397558130661974)(10,0.3601694633966851)(15,0.3618090752894113)(20,0.3740415214611348)(25,0.39487639586384377)(30,0.41655101584260057)(35,0.42514663033705524)(40,0.42609827786119076)(45,0.4273153490599249)(50,0.4424920091648401)(55,0.460667042196259)(60,0.46365350052221055)(65,0.4924955224403707)(70,0.48112774665981284)
=======
(5,0.019501133786848073)(10,0.01984126984126984)(15,0.1214742837267945)(20,0.09248788741841316)(25,0.1805674685134157)(30,0.21015945058709845)(35,0.21501410202123092)(40,0.214972297369925)(45,0.2632026543279965)(50,0.25397331723628425)(55,0.2805161684407863)(60,0.29371805532855266)(65,0.34774028884594627)(70,0.37192997500265)
>>>>>>> a951bbb27fe1746d95ffe74e96735f9f29404d4d
};
\addlegendentry{Finish+Hungarian+Urdu}

\addplot[color=green,mark=*] coordinates {
<<<<<<< HEAD
(5,0.6651473460938785)(10,0.6465925795837771)(15,0.6249532998294515)(20,0.5986578275562362)(25,0.5639945940300948)(30,0.5636475241398641)(35,0.5679534849372552)(40,0.5735065847785658)(45,0.5714346796925047)(50,0.5735628088329486)(55,0.5785288253445008)(60,0.571898539498799)(65,0.5859789070973143)(70,0.5853430493275327)
=======
(5,0.017633410672853827)(10,0.03087248322147651)(15,0.09299044293041892)(20,0.10539156817515241)(25,0.19102164521341555)(30,0.2044292327402064)(35,0.19340736232536127)(40,0.18675789427664904)(45,0.23244743017117203)(50,0.22901904674626744)(55,0.27222878946612544)(60,0.28475470524374363)(65,0.34542823467462996)(70,0.3549763643638838)
>>>>>>> a951bbb27fe1746d95ffe74e96735f9f29404d4d
};
\addlegendentry{Hungarian}

\addplot[color=green,mark=*] coordinates {
<<<<<<< HEAD
(5,0.6454785356873803)(10,0.6360797188844517)(15,0.6162429906025826)(20,0.5810411243411493)(25,0.5572904240144311)(30,0.5435694373465173)(35,0.5530802597816906)(40,0.5649282728926914)(45,0.5754305856417073)(50,0.5783289636412599)(55,0.5785577099614045)(60,0.5688022492516828)(65,0.5775110030526092)(70,0.5755660304050167)
=======
(5,0.017050691244239632)(10,0.019545454545454546)(15,0.12612479474548438)(20,0.12331766862420453)(25,0.20555391311488874)(30,0.1970391726916807)(35,0.21253311116718415)(40,0.21403471564455057)(45,0.27300787951655003)(50,0.2620000069233116)(55,0.30045124113647836)(60,0.3141809434994329)(65,0.3283931919987281)(70,0.35612803060005527)
>>>>>>> a951bbb27fe1746d95ffe74e96735f9f29404d4d
};
\addlegendentry{Finish}

