\addplot[color=green,mark=*] coordinates {
(5,5)(10,10)(15,15)(20,20)(25,25)(30,30)(35,35)(40,40)(45,45)(50,50)(55,55)(60,60)(65,65)(70,70)
};
\addlegendentry{dial}

\addplot[color=green,mark=*] coordinates {
<<<<<<< HEAD
(5,0.878912198912199)(10,0.8209306099731633)(15,0.782231130183252)(20,0.7946096728323245)(25,0.7612434455335065)(30,0.7299460327824072)(35,0.7564724714601636)(40,0.6919670363096766)(45,0.6970263307141069)(50,0.6880045198439431)(55,0.6838615871857772)(60,0.6902381793565058)(65,0.6842338926975391)(70,0.6987504410719552)
=======
(5,null)(10,null)(15,null)(20,null)(25,null)(30,null)(35,null)(40,null)(45,null)(50,null)(55,0.6760949103955616)(60,0.6808015382729964)(65,0.6748036545165277)(70,0.6765822140201557)
>>>>>>> a951bbb27fe1746d95ffe74e96735f9f29404d4d
};
\addlegendentry{Natural\_Neg}

\addplot[color=green,mark=*] coordinates {
<<<<<<< HEAD
(5,0.6552596547583057)(10,0.641572792274382)(15,0.6349442076655242)(20,0.6403393956100666)(25,0.6474978459106129)(30,0.655770371357314)(35,0.6738995573415959)(40,0.664733545694096)(45,0.6666914955864932)(50,0.6739810611321426)(55,0.6757494020507614)(60,0.6882752888044722)(65,0.7007799372036521)(70,0.7015717896137912)
=======
(5,null)(10,null)(15,null)(20,null)(25,null)(30,null)(35,0.5898414347735697)(40,0.5853194348258314)(45,0.6469292833377456)(50,0.6329227798602889)(55,0.6909330870779791)(60,0.6866316783978537)(65,0.6166205029504936)(70,0.6027674027924104)
>>>>>>> a951bbb27fe1746d95ffe74e96735f9f29404d4d
};
\addlegendentry{NLU\_Tran\_All}

\addplot[color=green,mark=*] coordinates {
<<<<<<< HEAD
(5,0.8961700336700333)(10,0.8628792946184249)(15,0.8289570050755717)(20,0.825869532372405)(25,0.7547704321481983)(30,0.764779785662265)(35,0.7711697997356058)(40,0.7144980729495012)(45,0.715772737094659)(50,0.6953982099771572)(55,0.6979205632971406)(60,0.6901917150311716)(65,0.6843826930324377)(70,0.6948726079932713)
=======
(5,null)(10,null)(15,null)(20,null)(25,null)(30,null)(35,null)(40,null)(45,null)(50,null)(55,0.6833064762281551)(60,0.67962123944704)(65,null)(70,null)
>>>>>>> a951bbb27fe1746d95ffe74e96735f9f29404d4d
};
\addlegendentry{French+German+Potuguese}

\addplot[color=green,mark=*] coordinates {
<<<<<<< HEAD
(5,0.9469875159597105)(10,0.8995516925984026)(15,0.8949869623553834)(20,0.8841770445051351)(25,0.8441037982536554)(30,0.815775979594954)(35,0.807071044668124)(40,0.7480767813575369)(45,0.7515501460755647)(50,0.7349036541150905)(55,0.7169825733577717)(60,0.714940318584003)(65,0.7155447164391826)(70,0.7267933195865317)
=======
(5,null)(10,null)(15,null)(20,null)(25,null)(30,null)(35,0.5998599873467595)(40,0.6018458783062532)(45,0.6320414804998629)(50,0.5833487847460535)(55,0.6510327808409092)(60,0.6570969377597858)(65,0.6598826782955913)(70,0.6791387887064279)
>>>>>>> a951bbb27fe1746d95ffe74e96735f9f29404d4d
};
\addlegendentry{Russian+Hebrew+Arabic}

\addplot[color=green,mark=*] coordinates {
<<<<<<< HEAD
(5,0.5068213159817084)(10,0.5857291842251134)(15,0.6194342187260617)(20,0.6654015433747309)(25,0.6618236411044076)(30,0.6738042851247782)(35,0.6739278135152602)(40,0.6678545342375883)(45,0.6668130487237851)(50,0.6774675098542957)(55,0.6806167046295485)(60,0.6876397600760578)(65,0.6999041081629029)(70,0.6995379007020125)
=======
(5,null)(10,null)(15,null)(20,null)(25,null)(30,null)(35,null)(40,0.6112958762297082)(45,null)(50,null)(55,0.6969985856567751)(60,0.6992923753522043)(65,0.6899080388388068)(70,0.6007322744440586)
>>>>>>> a951bbb27fe1746d95ffe74e96735f9f29404d4d
};
\addlegendentry{Finish+Hungarian+Chinese}

\addplot[color=green,mark=*] coordinates {
<<<<<<< HEAD
(5,0.9421190230478157)(10,0.8945657386026784)(15,0.8754319788315594)(20,0.8667763997698208)(25,0.807648699620451)(30,0.8069255188854816)(35,0.8053788580996306)(40,0.7530156925098737)(45,0.7508685061832235)(50,0.7286406969037796)(55,0.71958136684963)(60,0.7113473097590982)(65,0.7115265909032076)(70,0.7117571735861794)
=======
(5,null)(10,null)(15,null)(20,null)(25,null)(30,null)(35,0.6193589838944825)(40,0.6135181093903366)(45,0.6207441217051941)(50,0.5869125538188448)(55,0.6693042544484823)(60,0.6915825684731935)(65,0.657306300974952)(70,0.6838849429866628)
>>>>>>> a951bbb27fe1746d95ffe74e96735f9f29404d4d
};
\addlegendentry{Spanish+Hebrew+Arabic}

\addplot[color=green,mark=*] coordinates {
<<<<<<< HEAD
(5,0.590414953783805)(10,0.6188975742854328)(15,0.6255593673635245)(20,0.6485113938301992)(25,0.6453850624079123)(30,0.6626845713889116)(35,0.6757484463580928)(40,0.668182783351445)(45,0.6626859582753519)(50,0.6664612159368305)(55,0.663687582215834)(60,0.6728815165596944)(65,0.680276432799753)(70,0.6844239237319253)
=======
(5,null)(10,null)(15,null)(20,null)(25,null)(30,null)(35,null)(40,null)(45,null)(50,null)(55,0.6856307362307007)(60,0.6783486736175123)(65,0.6874909382128641)(70,0.6911399831880379)
>>>>>>> a951bbb27fe1746d95ffe74e96735f9f29404d4d
};
\addlegendentry{Finish+Hungarian+Urdu}

\addplot[color=green,mark=*] coordinates {
<<<<<<< HEAD
(5,0.883341687552214)(10,0.8434935400378528)(15,0.8102201775476354)(20,0.7949136701298746)(25,0.7489742645340111)(30,0.7465757701703872)(35,0.7684102406233062)(40,0.7214143643331843)(45,0.7298393775708599)(50,0.705857840806301)(55,0.7004174810757043)(60,0.6998754123335383)(65,0.7005959410827322)(70,0.7087830069940804)
=======
(5,null)(10,null)(15,null)(20,null)(25,null)(30,null)(35,null)(40,null)(45,null)(50,null)(55,0.7140067857413743)(60,0.7143872774034833)(65,0.7186438922952887)(70,0.7138328816703744)
>>>>>>> a951bbb27fe1746d95ffe74e96735f9f29404d4d
};
\addlegendentry{Hungarian}

\addplot[color=green,mark=*] coordinates {
<<<<<<< HEAD
(5,0.39869809166389425)(10,0.5215358338997996)(15,0.5945232569944636)(20,0.6387692921831719)(25,0.6464155792923671)(30,0.6633501493205995)(35,0.6655841248556177)(40,0.6523239779600112)(45,0.651914747046661)(50,0.6492829948089234)(55,0.6450822412220107)(60,0.6499986302921538)(65,0.6557148633601941)(70,0.6604661519983688)
=======
(5,null)(10,null)(15,null)(20,null)(25,null)(30,null)(35,null)(40,null)(45,null)(50,null)(55,0.6361546863835722)(60,0.6460202974107162)(65,0.6487024871215852)(70,0.6551670018127085)
>>>>>>> a951bbb27fe1746d95ffe74e96735f9f29404d4d
};
\addlegendentry{Finish}

