\addplot[color=green,mark=*] coordinates {
(5,5)(10,10)(15,15)(20,20)(25,25)(30,30)(35,35)(40,40)(45,45)(50,50)(55,55)(60,60)(65,65)(70,70)
};
\addlegendentry{dial}

\addplot[color=green,mark=*] coordinates {
<<<<<<< HEAD
(5,0.4232127526071766)(10,0.5519646956449217)(15,0.599355148510439)(20,0.5908472060379495)(25,0.6128507255402191)(30,0.6281418308757449)(35,0.6230432254603682)(40,0.636438575110617)(45,0.6421747185564264)(50,0.6534021554097117)(55,0.6663742095039545)(60,0.6828023856807339)(65,0.6926656482106931)(70,0.6933275540448094)
=======
(5,0.7314822416944)(10,0.840359044060131)(15,0.8271111115661448)(20,0.8136146666942601)(25,0.823544217477919)(30,0.8486116804418394)(35,0.8507008806025823)(40,0.8603902722304138)(45,0.8773888648169402)(50,0.8986783446927138)(55,0.8995888115373656)(60,0.9065189587559237)(65,0.9129782202718035)(70,0.9151287953631853)
>>>>>>> a951bbb27fe1746d95ffe74e96735f9f29404d4d
};
\addlegendentry{Natural\_Neg}

\addplot[color=green,mark=*] coordinates {
<<<<<<< HEAD
(5,0.5151387875777214)(10,0.5414572114785988)(15,0.5796642555350535)(20,0.5907048571829161)(25,0.6103013480147247)(30,0.6259127509924086)(35,0.6334140093325582)(40,0.6468500703278022)(45,0.6618937669322508)(50,0.6735070541069933)(55,0.6849928778658566)(60,0.6899755114162042)(65,0.7000983030855212)(70,0.7000888203886313)
=======
(5,0.8106956217436961)(10,0.870049534276982)(15,0.848197694118255)(20,0.8283259667878685)(25,0.8325814549602605)(30,0.8683533814028929)(35,0.8728362976164874)(40,0.8752215479942373)(45,0.8844628087016317)(50,0.8978712556243021)(55,0.8967470009058889)(60,0.8986811044648771)(65,0.9054615683035634)(70,0.904943225107267)
>>>>>>> a951bbb27fe1746d95ffe74e96735f9f29404d4d
};
\addlegendentry{NLU\_Tran\_All}

\addplot[color=green,mark=*] coordinates {
<<<<<<< HEAD
(5,0.6178957514815663)(10,0.6371795192009243)(15,0.6575189147193504)(20,0.6612654785122507)(25,0.6505567979557443)(30,0.6476312337357302)(35,0.6504227797613255)(40,0.6604714343433723)(45,0.676032032311279)(50,0.6745789275660952)(55,0.6899890381803137)(60,0.7001554951379488)(65,0.7081880470068167)(70,0.7073029028037753)
=======
(5,0.8166085946501163)(10,0.8488654188778891)(15,0.8204282330518022)(20,0.8160661728990863)(25,0.8240711211514349)(30,0.8554624214940445)(35,0.8601839826910475)(40,0.8695694522187676)(45,0.8794062024231856)(50,0.8908285110709121)(55,0.8934198688578702)(60,0.9021678749307238)(65,0.9072799518817464)(70,0.9086689294420731)
>>>>>>> a951bbb27fe1746d95ffe74e96735f9f29404d4d
};
\addlegendentry{French+German+Potuguese}

\addplot[color=green,mark=*] coordinates {
<<<<<<< HEAD
(5,0.4736968706041383)(10,0.557143562823293)(15,0.6012873141710791)(20,0.6208191799601618)(25,0.6291651795697113)(30,0.651702301353813)(35,0.6621208109231991)(40,0.6591387671181499)(45,0.6880106035352122)(50,0.6866065579617767)(55,0.6938850796174357)(60,0.7101784856037276)(65,0.723617220625732)(70,0.7187841041308379)
=======
(5,0.7775716870059217)(10,0.8456566834727017)(15,0.8292841518969384)(20,0.8297474966338463)(25,0.8346489177259034)(30,0.8649570421576593)(35,0.8645066274732139)(40,0.8912594842481166)(45,0.8981217113247052)(50,0.8948127767908183)(55,0.893667402873147)(60,0.897913721189432)(65,0.9012678890157939)(70,0.9010291122420904)
>>>>>>> a951bbb27fe1746d95ffe74e96735f9f29404d4d
};
\addlegendentry{Russian+Hebrew+Arabic}

\addplot[color=green,mark=*] coordinates {
<<<<<<< HEAD
(5,0.512656572108977)(10,0.5661426480189897)(15,0.610482175315606)(20,0.6159635632809826)(25,0.6329132770749981)(30,0.6479254094876479)(35,0.6591443716203967)(40,0.6649688056644759)(45,0.6751612109535625)(50,0.6888815571399748)(55,0.6969427158992836)(60,0.712938523216627)(65,0.7196437800543241)(70,0.7249294607300505)
=======
(5,0.80404728510619)(10,0.8523581314036391)(15,0.8595808312141855)(20,0.8292020163153625)(25,0.828916461436424)(30,0.8732376601292833)(35,0.879633621487676)(40,0.8737614727845493)(45,0.8930881827099386)(50,0.8993843056176262)(55,0.8918098498852898)(60,0.892539088235748)(65,0.9046837868616739)(70,0.9041984134029788)
>>>>>>> a951bbb27fe1746d95ffe74e96735f9f29404d4d
};
\addlegendentry{Finish+Hungarian+Chinese}

\addplot[color=green,mark=*] coordinates {
<<<<<<< HEAD
(5,0.4646704358770375)(10,0.5275136975699859)(15,0.5669867417816838)(20,0.5824856700802618)(25,0.6075771884403711)(30,0.6250585699157709)(35,0.6308364876446125)(40,0.6511163623447719)(45,0.660177872223709)(50,0.666940827858675)(55,0.6797334425270344)(60,0.697431940996326)(65,0.7056522180999093)(70,0.7031010952559071)
=======
(5,0.7780495383456352)(10,0.8490260030275156)(15,0.8418797009434911)(20,0.8326459509973253)(25,0.8360760582170201)(30,0.8696868582477816)(35,0.8700660329826692)(40,0.8953362257677284)(45,0.8988261117214418)(50,0.900405092057496)(55,0.8993419967918989)(60,0.9016254834851697)(65,0.9065041636534741)(70,0.9042639796491313)
>>>>>>> a951bbb27fe1746d95ffe74e96735f9f29404d4d
};
\addlegendentry{Spanish+Hebrew+Arabic}

\addplot[color=green,mark=*] coordinates {
<<<<<<< HEAD
(5,0.5607611405391808)(10,0.5856510613502321)(15,0.613685733907583)(20,0.6138624666138874)(25,0.6374521461112208)(30,0.6439988097238428)(35,0.6542153293699109)(40,0.6630957344993698)(45,0.6725084489541813)(50,0.6785946854258349)(55,0.6889494660115651)(60,0.7027723348428918)(65,0.7110009882389885)(70,0.7126657112872439)
=======
(5,0.7920383329288041)(10,0.8577774325016299)(15,0.8803335930024527)(20,0.8293091734875311)(25,0.8332923269195934)(30,0.8799762703874862)(35,0.879382308717952)(40,0.8891849465331434)(45,0.9059143954806048)(50,0.9114025346391962)(55,0.9013981377316824)(60,0.9060739779779634)(65,0.9153013690798557)(70,0.9157278030384438)
>>>>>>> a951bbb27fe1746d95ffe74e96735f9f29404d4d
};
\addlegendentry{Finish+Hungarian+Urdu}

\addplot[color=green,mark=*] coordinates {
<<<<<<< HEAD
(5,0.5061941646895209)(10,0.5780282880564069)(15,0.6228622960127447)(20,0.6250919291167408)(25,0.6423981184855195)(30,0.6596484657238169)(35,0.6603589107612857)(40,0.6701995539859832)(45,0.6877954958620269)(50,0.6934453587833229)(55,0.7118616997177488)(60,0.7226298445388187)(65,0.7287837100531979)(70,0.7243973129938274)
=======
(5,0.8173109623782429)(10,0.8587326821829967)(15,0.8361875941553885)(20,0.8181408684883331)(25,0.8258601666412749)(30,0.8576621788958493)(35,0.8627290502397591)(40,0.8592895304907551)(45,0.8731394227511462)(50,0.9068532981266335)(55,0.8985052688958552)(60,0.903603268553723)(65,0.913536509490301)(70,0.9121812563847642)
>>>>>>> a951bbb27fe1746d95ffe74e96735f9f29404d4d
};
\addlegendentry{Hungarian}

\addplot[color=green,mark=*] coordinates {
<<<<<<< HEAD
(5,0.4675743376747519)(10,0.5496898005655498)(15,0.6011586668277544)(20,0.6016845933011198)(25,0.6199330687436116)(30,0.6492641231297183)(35,0.6664711655121471)(40,0.6709853478074581)(45,0.6755101231876125)(50,0.673061813306016)(55,0.6921192700809055)(60,0.710952744400073)(65,0.724767027430228)(70,0.7272433900225956)
=======
(5,0.763504239369599)(10,0.8428984570373885)(15,0.8683929795856932)(20,0.8493145902675714)(25,0.8554855803807669)(30,0.8856177009770816)(35,0.8887688811298867)(40,0.9011016409723804)(45,0.9056396939387092)(50,0.8993132030584619)(55,0.8978181791782157)(60,0.9068564075070386)(65,0.913346678707358)(70,0.9141714839117906)
>>>>>>> a951bbb27fe1746d95ffe74e96735f9f29404d4d
};
\addlegendentry{Finish}

