size	dial	Natural_Neg	Emb_25	Emb_50	Emb_100	NLU_Tran_All
5	5	0.29173838415494374	0.253352370791519	0.2613624295186797	0.2579362865859086	0.23818308614112374
10	10	0.35302214294276113	0.37766083525954597	0.3803274698942384	0.416983589558217	0.3214538176752685
15	15	0.447087674334327	0.4529617451914906	0.46493595458069326	0.46328209768189516	0.4025672009447451
20	20	0.4410069298091798	0.45435944013099816	0.4705926961776011	0.47582194547974554	0.41355758347249216
25	25	0.5028603523490579	0.5087380530393661	0.5169466081654612	0.5204677712750521	0.4568575604059563
30	30	0.5443350834045809	0.5345269466608871	0.5395235656624233	0.549786235277817	0.4967679292183814
35	35	0.5628304726290165	0.5646379273626341	0.5715293337954603	0.5825628805679083	0.554039178392182
40	40	0.5627395694635946	0.5625105959852483	0.569917870752416	0.5724013434344746	0.5626412230634574
45	45	0.5726450742200166	0.5669683847312836	0.5719280440919279	0.5674753838283316	0.5852644489959407
50	50	0.58738225411699	0.5715170304876678	0.5727324720822512	0.5789116564558179	0.5941052215756231
55	55	0.6142970194830804	0.5929490514137433	0.5960788167332548	0.6041661962398205	0.6250904179273652
60	60	0.6351711899401378	0.6278319450156495	0.6346137150958022	0.6440471499223823	0.632888347508304
65	65	0.6403156444679199	0.6335258337972611	0.6471778159212247	0.6535760282260181	0.6356033922943575
70	70	0.654171489844326	0.6634112804335874	0.6654816789566415	0.6802311615031653	0.6319123486177939