size	dial	Natural_Neg	Emb_25	Emb_50	Emb_100	NLU_Tran_All
5	5	0.4328062544562258	0.4468350883746496	0.44682067083410787	0.4481302383134129	0.4870584522494205
10	10	0.37065481643198495	0.42237462309410184	0.4461774150410432	0.4577905698524674	0.4753784702788949
15	15	0.38880287615098086	0.43054878937707813	0.4592545349725639	0.46081113191567785	0.484481239845989
20	20	0.4186022337695898	0.4755873431395135	0.4825985096800308	0.4770269680548583	0.5037408556269796
25	25	0.47367736595273724	0.4997106519812264	0.5081394053274609	0.5097037939406709	0.5366923641395631
30	30	0.4667009433836172	0.4983657470130499	0.5043288224108082	0.5094323847521542	0.5682925602056852
35	35	0.4978388028923928	0.5081360310268839	0.5115132285640971	0.5160738487939561	0.5951495622867053
40	40	0.5237987567815076	0.5280499755632028	0.5340666722434507	0.5413821450474048	0.6067834079948758
45	45	0.5414178351186365	0.5466796764944096	0.553321042985081	0.5604806582231646	0.6236009624277374
50	50	0.5665404233886764	0.5581541230188429	0.5606031557163413	0.5647254811756105	0.6334303611406382
55	55	0.572625156200796	0.5661978238946326	0.5712703030843176	0.5704808403645635	0.6346485156436189
60	60	0.5842361450581773	0.5792535033431089	0.5841559415834627	0.5876251355754195	0.6424155858597462
65	65	0.579628462018193	0.5710969378853594	0.5788604488205961	0.5810235783223955	0.6464672787113412
70	70	0.5834685319812234	0.581938227897093	0.5814725600519095	0.5846008425038842	0.648683002630401