size	dial	Natural_Neg	NLU_Tran_All	French+German+Potuguese	Russian+Hebrew+Arabic	Finish+Hungarian+Chinese	Spanish+Hebrew+Arabic	Finish+Hungarian+Urdu	Hungarian	Finish
<<<<<<< HEAD
5	5	0.6980907291189057	0.7058648074841003	0.5958374435670811	0.7448691540954995	0.7360410219563499	0.7451469195881163	0.7248867913786875	0.644098079633113	0.7446730822736619
10	10	0.692664236874943	0.7075168341958509	0.6156829245380353	0.7359273695709392	0.7372125677958408	0.7418120536013959	0.7263841341732659	0.6761756795007089	0.7417574602670125
15	15	0.6899304406309495	0.6967379045802748	0.6263405066691041	0.699090935702994	0.7235563321102634	0.7176296695528818	0.7160781408548816	0.6729692002232286	0.7268729534659646
20	20	0.6970398231837465	0.704418267802468	0.6443768436146613	0.7023484691698174	0.7169951945367601	0.718401159672953	0.7218559046671482	0.6915397182565437	0.7184388111744404
25	25	0.7049320590071205	0.7103055453053321	0.65879007081123	0.7159401830153203	0.7245555059113401	0.7248924965631605	0.728726037339934	0.7009172159544476	0.7281412437204652
30	30	0.6982859967045602	0.7030215766566623	0.6679392367566324	0.7100019706949527	0.7304768760854288	0.7250102678006062	0.7244941978774062	0.6990927184691094	0.7242504392121326
35	35	0.711001593830028	0.7081093677972912	0.6735172510268963	0.71740933836194	0.7297533378728198	0.7318910172194749	0.730685273093625	0.7049398424346366	0.729086898268178
40	40	0.7202482803099468	0.7220608622883492	0.6762852637067682	0.7199359835167722	0.7287599797872454	0.7332421165558605	0.7251641138968834	0.7134713542747468	0.7257418679211074
45	45	0.7247440192305604	0.7235122323780627	0.6947898906528509	0.7301069673288823	0.736124496736372	0.7380749903297021	0.7289560648661546	0.7175077339131142	0.73426627290054
50	50	0.7367464936195103	0.7324336894575498	0.7072142508444672	0.7319698697994991	0.7446654210680577	0.7407518904555424	0.7431568161645731	0.7256559364536906	0.7410633849416832
55	55	0.7225288916647188	0.7361261848837195	0.7070466880823895	0.7282596388859269	0.7433493949936734	0.740094388648431	0.7431599003923838	0.7283892742920737	0.7373006341436101
60	60	0.7234985642717231	0.7373248666420182	0.7066050821113696	0.7287458219979192	0.7485055362862243	0.7389805595186373	0.7438843889423353	0.7314440559650398	0.7374302659768079
65	65	0.7229918209763626	0.7415957593632773	0.711018323005771	0.7313541488881607	0.7423947381697362	0.7403507699986573	0.7406396889581729	0.730650491340754	0.7354511997906324
70	70	0.7292901596424817	0.7412817087102368	0.7094365367116745	0.7323509820277783	0.7445953862551324	0.7418066853566804	0.7438551850257134	0.7301825816936044	0.733564833872712
=======
5	5	0.7504505046174729	0.7504996271427509	0.7705991964820391	0.7270844496389741	0.7342141043002905	0.7371156358582662	0.7392857309781917	0.7506764436642398	0.7075328046141742
10	10	0.8442805563966482	0.8381724093177105	0.8469147826322849	0.8267522581289535	0.7954668985070289	0.8367786289278392	0.8030662235729145	0.8024227297849039	0.8167293088756902
15	15	0.8978394524995308	0.8676559528827379	0.8814568587275712	0.8738918604527471	0.851111206390778	0.8806452359047622	0.8657422226819851	0.8616249580020788	0.8681233197630844
20	20	0.8951148040824142	0.8577744462790594	0.877699924102697	0.866488894929283	0.8450198748083657	0.8696615306741007	0.8676023542819061	0.8645869672911767	0.8732695788529407
25	25	0.8995707392937154	0.8593303956378129	0.8745547162490326	0.870313278301316	0.8408819294304459	0.8704327912820448	0.8714259842435208	0.8631874289597092	0.8764561233165844
30	30	0.9034441598798961	0.8622253686133459	0.8757453436172259	0.8736660751635634	0.8450447857755133	0.87473290763644	0.8717672339064346	0.8579146721968043	0.8754396093028474
35	35	0.911742050190559	0.8691668008697905	0.8766590406366781	0.8731063868720479	0.8551961426965592	0.8728364618960673	0.8694895811896679	0.8725197827175066	0.8702597830060832
40	40	0.9150734963865956	0.8719561019830607	0.8799358196753468	0.8748641083229394	0.8604019209601983	0.8789313843729335	0.8847587766744496	0.882234895249802	0.8848337806409028
45	45	0.9170211045326176	0.8778217802640572	0.8868374757278227	0.8770148749441427	0.8746077583455012	0.8804682480735769	0.8936345135305771	0.8857970458756472	0.8897253345900357
50	50	0.9183272036753702	0.8771830202839979	0.8854569579574244	0.8678902498648613	0.8746871765311173	0.8748506030714394	0.8917388319255339	0.8857509317860959	0.8867890262083915
55	55	0.9122713963164761	0.8626351723432062	0.8731316999854611	0.8616759702418028	0.8611393712734353	0.8676357338734757	0.8791684632723967	0.8765695118303514	0.877253866788475
60	60	0.915119444102468	0.8588709828222733	0.8742593171883639	0.8608707570170173	0.8581511474439016	0.8669211626735098	0.8789168957968825	0.8786529336838346	0.8841041676085168
65	65	0.9190915930921963	0.8665133541712875	0.8804841438081897	0.8654818409354886	0.8686001518402808	0.8731938709479659	0.8866405695787227	0.8845339321822122	0.8895935700656527
70	70	0.9159313397102038	0.8633250914214974	0.8791785356102768	0.8614916255030136	0.8645276239725916	0.867411602820057	0.8853547392152572	0.8821556305558584	0.886333174588197
>>>>>>> a951bbb27fe1746d95ffe74e96735f9f29404d4d
