size	dial	Natural_Neg	Emb_25	Emb_50	Emb_100	NLU_Tran_All
5	5	0.14310247010682714	0.18541541872028372	0.18395818702956396	0.18913668800840072	0.19099402839362434
10	10	0.21011193345257556	0.25311588889705666	0.2418342270017725	0.24994726303204157	0.32056816004364064
15	15	0.27673048509771403	0.3119814907049719	0.3116457348248886	0.30101802730623034	0.39388434751201745
20	20	0.27450735729230347	0.3295146563276259	0.35328572779170725	0.3648797877501215	0.4053149047497226
25	25	0.3533391030740048	0.4117876332047669	0.44204518129910086	0.44732476227210033	0.42853174954588863
30	30	0.4051739702046196	0.43517104244202687	0.4433481385893442	0.44612062137010017	0.44281780357283884
35	35	0.42289641819482915	0.44360543740285835	0.43257269523097897	0.44218237997744814	0.4729355048642496
40	40	0.43407182693513774	0.4757656361050551	0.4933545764958165	0.5169502738154216	0.5059778775211683
45	45	0.47630330252943204	0.5017874637976127	0.5257515539924869	0.5272372297814042	0.5536124400252336
50	50	0.47944272124963694	0.46969640675073476	0.4782050618994389	0.489879117391269	0.5356244256736706
55	55	0.4787235183499182	0.4785846699474197	0.49515095966933187	0.505094335229995	0.568263221282364
60	60	0.451426027290617	0.48122476105823664	0.4905149799171139	0.5057202759171695	0.5669909595038531
65	65	0.4585648928408464	0.46626929191291816	0.49514057702439285	0.4956233303628202	0.5521500482857183
70	70	0.4532866222162242	0.5079931418974213	0.5194308010807256	0.49901547747956465	0.539041328427055