\addplot[color=green,mark=*] coordinates {
(5,5)(10,10)(15,15)(20,20)(25,25)(30,30)(35,35)(40,40)(45,45)(50,50)(55,55)(60,60)(65,65)(70,70)
};
\addlegendentry{dial}

\addplot[color=green,mark=*] coordinates {
(5,0.14310247010682714)(10,0.21011193345257556)(15,0.27673048509771403)(20,0.27450735729230347)(25,0.3533391030740048)(30,0.4051739702046196)(35,0.42289641819482915)(40,0.43407182693513774)(45,0.47630330252943204)(50,0.47944272124963694)(55,0.4787235183499182)(60,0.451426027290617)(65,0.4585648928408464)(70,0.4532866222162242)
};
\addlegendentry{Natural\_Neg}

\addplot[color=green,mark=*] coordinates {
(5,0.18541541872028372)(10,0.25311588889705666)(15,0.3119814907049719)(20,0.3295146563276259)(25,0.4117876332047669)(30,0.43517104244202687)(35,0.44360543740285835)(40,0.4757656361050551)(45,0.5017874637976127)(50,0.46969640675073476)(55,0.4785846699474197)(60,0.48122476105823664)(65,0.46626929191291816)(70,0.5079931418974213)
};
\addlegendentry{Emb\_25}

\addplot[color=green,mark=*] coordinates {
(5,0.18395818702956396)(10,0.2418342270017725)(15,0.3116457348248886)(20,0.35328572779170725)(25,0.44204518129910086)(30,0.4433481385893442)(35,0.43257269523097897)(40,0.4933545764958165)(45,0.5257515539924869)(50,0.4782050618994389)(55,0.49515095966933187)(60,0.4905149799171139)(65,0.49514057702439285)(70,0.5194308010807256)
};
\addlegendentry{Emb\_50}

\addplot[color=green,mark=*] coordinates {
(5,0.18913668800840072)(10,0.24994726303204157)(15,0.30101802730623034)(20,0.3648797877501215)(25,0.44732476227210033)(30,0.44612062137010017)(35,0.44218237997744814)(40,0.5169502738154216)(45,0.5272372297814042)(50,0.489879117391269)(55,0.505094335229995)(60,0.5057202759171695)(65,0.4956233303628202)(70,0.49901547747956465)
};
\addlegendentry{Emb\_100}

\addplot[color=green,mark=*] coordinates {
(5,0.19099402839362434)(10,0.32056816004364064)(15,0.39388434751201745)(20,0.4053149047497226)(25,0.42853174954588863)(30,0.44281780357283884)(35,0.4729355048642496)(40,0.5059778775211683)(45,0.5536124400252336)(50,0.5356244256736706)(55,0.568263221282364)(60,0.5669909595038531)(65,0.5521500482857183)(70,0.539041328427055)
};
\addlegendentry{NLU\_Tran\_All}

