\addplot[color=green,mark=*] coordinates {
(5,5)(10,10)(15,15)(20,20)(25,25)(30,30)(35,35)(40,40)(45,45)(50,50)(55,55)(60,60)(65,65)(70,70)
};
\addlegendentry{dial}

\addplot[color=green,mark=*] coordinates {
(5,0.4444223138517193)(10,0.41407435978674767)(15,0.446418946880781)(20,0.47773352927503865)(25,0.524843137223456)(30,0.531020533612201)(35,0.5584721031444946)(40,0.5764008682168225)(45,0.594693962469318)(50,0.6126656189940867)(55,0.6158757452766097)(60,0.6223187949812614)(65,0.621626938453305)(70,0.627735032638756)
};
\addlegendentry{Natural\_Neg}

\addplot[color=green,mark=*] coordinates {
(5,0.46176594176218105)(10,0.47319675330721545)(15,0.4909333845279075)(20,0.525822915866467)(25,0.5574846184283754)(30,0.5654814090590456)(35,0.5761751305531936)(40,0.5937566858285441)(45,0.6083671912087839)(50,0.6146427565890213)(55,0.6214046078561617)(60,0.6315058707392603)(65,0.6307895561969834)(70,0.6430366053452214)
};
\addlegendentry{Emb\_25}

\addplot[color=green,mark=*] coordinates {
(5,0.461606837436766)(10,0.49009506939976194)(15,0.5127349611641743)(20,0.5339362879336169)(25,0.5656164003150065)(30,0.5714630237161118)(35,0.5799319724950645)(40,0.5994327373346355)(45,0.6156248552226732)(50,0.6179920262740757)(55,0.6275697742678632)(60,0.6386556481531023)(65,0.640699698632818)(70,0.6450524845242162)
};
\addlegendentry{Emb\_50}

\addplot[color=green,mark=*] coordinates {
(5,0.46512216736693146)(10,0.5022224147279853)(15,0.5159420293398502)(20,0.5311076707192972)(25,0.5665342294221866)(30,0.5770027938350528)(35,0.5853283703251414)(40,0.6058460270998985)(45,0.6227217872185846)(50,0.6231066402296016)(55,0.6292962148330747)(60,0.6431871814160128)(65,0.6432973384058627)(70,0.6487855022669324)
};
\addlegendentry{Emb\_100}

\addplot[color=green,mark=*] coordinates {
(5,0.48558843311001276)(10,0.4914092688478583)(15,0.5094219224163661)(20,0.5311342072986)(25,0.5540586598861369)(30,0.587035662840985)(35,0.6190961110509801)(40,0.6306493097890569)(45,0.6422163470935571)(50,0.6496253408201303)(55,0.6538889472727427)(60,0.6619129559090581)(65,0.6653262615161273)(70,0.6669041811260692)
};
\addlegendentry{NLU\_Tran\_All}

