size	dial	Natural_Neg	Emb_25	Emb_50	Emb_100	NLU_Tran_All
5	5	0.39326121107293843	0.4053745994951786	0.4053533756847173	0.4066536245588105	0.4307146430809641
10	10	0.35219073878262214	0.3980830571202263	0.41530388793802564	0.4264279846735356	0.4149525495493546
15	15	0.3653798648997978	0.4046699180221115	0.4283303751484985	0.43030550181315474	0.4283953153187336
20	20	0.3862027160391658	0.4382626667461045	0.44495659849142183	0.4400337269684297	0.44474903977139385
25	25	0.4338900541964107	0.4660168907418127	0.4745021946353153	0.4766508350238722	0.47260189655161583
30	30	0.42791783804839645	0.46770199171753174	0.4730232477357096	0.4783540977167511	0.5016227631356891
35	35	0.44893883240733723	0.47102131942640585	0.4771625854079404	0.4826173743628873	0.5249285833460331
40	40	0.47234585085642405	0.4857029888923778	0.4935318432953169	0.5012020394450326	0.5324486881221538
45	45	0.48950541830649075	0.49916833888292345	0.5109961715806527	0.5197703132452103	0.5462796598472184
50	50	0.5110176518871181	0.5114427434878085	0.5171638250905867	0.5232906204081049	0.5549237602322776
55	55	0.511910639201959	0.5187887152923525	0.5262177259973444	0.5263362562405757	0.5557809992956986
60	60	0.5233075604987926	0.5276840236744377	0.5349532556230311	0.543145078653833	0.5659780622525139
65	65	0.521163218676024	0.5257638502732369	0.5381410266528266	0.5412850424065574	0.5700761961029059
70	70	0.523686794523924	0.5377557578845342	0.5396185002409037	0.5433638954390448	0.5737415211134574