size	dial	Natural_Neg	NLU_Tran_All	French+German+Potuguese	Russian+Hebrew+Arabic	Finish+Hungarian+Chinese	Spanish+Hebrew+Arabic	Finish+Hungarian+Urdu	Hungarian	Finish
<<<<<<< HEAD
5	5	0.27039746208380416	0.4717064839888071	0.31847263585856034	0.35226679705184133	0.4757482184966325	0.3494245752610569	0.46540656219684823	0.37046031009755354	0.4822860803189741
10	10	0.3259364392622063	0.4752225214454809	0.34192752245604835	0.3914334958223445	0.4913923794092555	0.3844702797082095	0.4747429461704254	0.40304582160739566	0.48887555441100217
15	15	0.33109675031541613	0.48664246192968186	0.3514558127004575	0.41144585301119496	0.5063417016260534	0.3973327656320146	0.48078250200946726	0.4164887417864427	0.4956906416883009
20	20	0.37062216742412757	0.5088265351362594	0.40565828211758187	0.44083608785685835	0.526552329649627	0.42763226442319835	0.49983511885802984	0.4380878557979823	0.5077651529891372
25	25	0.39903902615174797	0.5258600012766268	0.4128596886830655	0.4609608567871136	0.5361117724588653	0.45310700438150275	0.5182164552625298	0.45759052333648	0.5202704100498892
30	30	0.41761185858151195	0.5522493310185256	0.4352004585206629	0.48198970072244407	0.5534606442517118	0.4690628149925945	0.539484347685929	0.4767523421562415	0.5367175947764564
35	35	0.43273927010646285	0.5552241234238894	0.4570065226347314	0.5057844055580714	0.5610031197531666	0.49083535755939545	0.5451905951229439	0.504237381787292	0.549450149514231
40	40	0.473911701452595	0.5631295597466298	0.49444836346040955	0.532977573102791	0.5760490417232477	0.521783885935301	0.5597085785049785	0.5358039788681083	0.565055622032398
45	45	0.4842906244535167	0.5717109401373792	0.502367733850305	0.5450639212493983	0.5794947147059204	0.5327678750231473	0.5638908860676279	0.5356032875474677	0.5710494060277902
50	50	0.5073078001628548	0.5885028382359074	0.5209368670663777	0.5640016856621999	0.5977466890683989	0.5599002405333142	0.5853717173479789	0.565460299542556	0.580688877177551
55	55	0.5128643020468856	0.5866265501133218	0.5238104305014328	0.5662583564910174	0.6011312413472867	0.5642743401577155	0.5862340605360565	0.5727793303984314	0.5851706965596325
60	60	0.5067248875528352	0.5913179428795815	0.5214812682184197	0.5659190354423124	0.6091376133520287	0.5618939282934714	0.5879337025160882	0.5721858448461253	0.5878262993276229
65	65	0.5035259664091332	0.598575613749762	0.522173374047717	0.5704981998465887	0.615116085817865	0.5642440913872309	0.5952295169509206	0.5748958222923909	0.593802055315418
70	70	0.49625237625153107	0.5996953494213721	0.5309722278383864	0.5694389774246604	0.6180590520575805	0.5668835484653193	0.5978839169046853	0.5728232790853437	0.5965440791157098
=======
5	5	0.34439284027143674	0.3825315621829357	0.38246760912833877	0.3619646672961244	0.36230241730696083	0.37418424490335905	0.3756645821160804	0.3770928470082049	0.3666561527000579
10	10	0.3617210980341058	0.42615030103814266	0.40881421322314077	0.41986174738146065	0.38610237118296753	0.4193983146834359	0.39105767216921333	0.4051322166609004	0.38389779353073367
15	15	0.3726574033287859	0.4517057955361108	0.42479681112645473	0.4557513932685599	0.4311307647090367	0.45344047376386165	0.446904262329494	0.42270226425022156	0.4117553163364643
20	20	0.39212415186036254	0.46690268433090426	0.4499488207130695	0.46837524879479486	0.4393713762510913	0.46095601693112875	0.44591571313288225	0.45221671097316624	0.4333014961953056
25	25	0.4226973827693469	0.4740841596530362	0.45135526018276917	0.47512709396867414	0.45365632512371834	0.467528126861266	0.46415869158601897	0.46529464521427527	0.4602077822049709
30	30	0.4244858987561721	0.4876847023915776	0.4608071168594483	0.489559097010423	0.4604475950803302	0.4835461904405628	0.4801629647481628	0.46853414207473315	0.4743969616268585
35	35	0.44161146064056966	0.5067120457260158	0.49617709995074855	0.5090446392741976	0.48859717645867784	0.5121166528462172	0.5009331021272011	0.48280866708146286	0.4917620362416388
40	40	0.45880800542536726	0.5117208070233641	0.5045662935623114	0.521460922026839	0.4924150830772901	0.5216338749813596	0.5124337382948538	0.49331398067373283	0.5083122349084057
45	45	0.47949104999442776	0.530613460624948	0.5345813313297281	0.5468621946840883	0.5258674848855935	0.5403781803613253	0.5428549915479379	0.5242957413139188	0.5345232815474004
50	50	0.4852656020832553	0.5329010105632238	0.534652978858418	0.5437050770171353	0.5298072228462526	0.5391446548708093	0.5502702808088564	0.5343389382418946	0.5293782791567112
55	55	0.4932173581655407	0.5397026146250452	0.5383608845706872	0.5419328417721012	0.5280047859455321	0.5414155259652489	0.5472232673912594	0.5373589968194983	0.535939997916689
60	60	0.48773412252756787	0.5387507457515393	0.5343155779986092	0.5434801837703628	0.5312984983961573	0.5477919144780267	0.5476183116424653	0.5384879915509325	0.5398790527636146
65	65	0.5004943111817823	0.5628197145978061	0.5538036760079385	0.5679178249999552	0.5461763019677833	0.5710442869932304	0.5746729329585212	0.5573185194520842	0.5445372659204547
70	70	0.5073387972683021	0.5639390131625384	0.5529505909069169	0.5726173384416986	0.549982742829705	0.5706528885236117	0.5790118589130103	0.5582416305866464	0.5554510455975887
>>>>>>> a951bbb27fe1746d95ffe74e96735f9f29404d4d
