\addplot[color=green,mark=*] coordinates {
(5,5)(10,10)(15,15)(20,20)(25,25)(30,30)(35,35)(40,40)(45,45)(50,50)(55,55)(60,60)(65,65)(70,70)
};
\addlegendentry{dial}

\addplot[color=green,mark=*] coordinates {
(5,0.4758225544115834)(10,0.5093158963734802)(15,0.5548877152465638)(20,0.5712351731899472)(25,0.5954230054322065)(30,0.6288542021658221)(35,0.6493266100369295)(40,0.6518065409405945)(45,0.670171641959304)(50,0.6747767651144453)(55,0.6720536543996188)(60,0.6705697078451115)(65,0.6737098363914391)(70,0.6820633952148397)
};
\addlegendentry{Natural\_Neg}

\addplot[color=green,mark=*] coordinates {
(5,0.4873927040516081)(10,0.5653336345584933)(15,0.6010358555843135)(20,0.606781292684687)(25,0.6418461953332008)(30,0.6622732942183934)(35,0.6767700237822247)(40,0.6867280677114864)(45,0.6901835701881744)(50,0.6874474370202046)(55,0.6905124398952309)(60,0.6967305635667056)(65,0.7061834472451962)(70,0.7195648512210703)
};
\addlegendentry{Emb\_25}

\addplot[color=green,mark=*] coordinates {
(5,0.48699337108777857)(10,0.5666157477483057)(15,0.6103568029819952)(20,0.6163438625413595)(25,0.650965547707699)(30,0.6700318064010959)(35,0.6819879504916411)(40,0.6907181736779443)(45,0.6988365822806419)(50,0.6922406509161929)(55,0.6986637594191444)(60,0.7069692137239801)(65,0.7188745218600114)(70,0.725447784975559)
};
\addlegendentry{Emb\_50}

\addplot[color=green,mark=*] coordinates {
(5,0.49570435754176484)(10,0.5811822809748712)(15,0.6209811779727358)(20,0.6207495026238857)(25,0.6533717011103867)(30,0.6777610029262362)(35,0.6895431678801558)(40,0.6966017819519729)(45,0.7065513197295232)(50,0.6994669925099309)(55,0.7059823180201601)(60,0.7135001628346818)(65,0.7225032111587466)(70,0.7305711619439353)
};
\addlegendentry{Emb\_100}

\addplot[color=green,mark=*] coordinates {
(5,0.4843662392835231)(10,0.5147412995602982)(15,0.5415609322532582)(20,0.5668874999477586)(25,0.5736955331166357)(30,0.607636810064072)(35,0.6457797488925324)(40,0.6568969089518327)(45,0.6626983940515148)(50,0.6672635443529694)(55,0.675424770243561)(60,0.6840004220029412)(65,0.6869476538956028)(70,0.6877977480693929)
};
\addlegendentry{NLU\_Tran\_All}

