\addplot[color=green,mark=*] coordinates {
(5,5)(10,10)(15,15)(20,20)(25,25)(30,30)(35,35)(40,40)(45,45)(50,50)(55,55)(60,60)(65,65)(70,70)
};
\addlegendentry{dial}

\addplot[color=green,mark=*] coordinates {
<<<<<<< HEAD
(5,0.4073014707422723)(10,0.39832926351305603)(15,0.42812295174713577)(20,0.47594438861460275)(25,0.5352841859218851)(30,0.5845208158531697)(35,0.565176542263923)(40,0.5812922152568386)(45,0.5755969550486173)(50,0.5977865086593466)(55,0.6387080315974106)(60,0.6055876770577949)(65,0.5911347034476643)(70,0.594541715564577)
=======
(5,null)(10,null)(15,0.5125985458114062)(20,0.6193046868007517)(25,0.5465406418850504)(30,0.565133623017258)(35,0.5844673575191719)(40,0.6093936142040153)(45,0.6362345471922699)(50,0.6463486053320386)(55,0.6666703161986347)(60,0.6666870607983391)(65,0.6783376570263775)(70,0.6681723996126704)
>>>>>>> a951bbb27fe1746d95ffe74e96735f9f29404d4d
};
\addlegendentry{Natural\_Neg}

\addplot[color=green,mark=*] coordinates {
<<<<<<< HEAD
(5,0.6052570471606599)(10,0.6037625547836217)(15,0.6105625652574547)(20,0.6131510217935391)(25,0.6121550167008899)(30,0.6103527269702796)(35,0.6288547616094626)(40,0.6343537698196396)(45,0.6336059274554169)(50,0.6410533515267663)(55,0.6514137915477354)(60,0.6601725507586566)(65,0.6595603721611598)(70,0.6688616292072416)
=======
(5,null)(10,null)(15,0.5592362731486584)(20,0.6221625159965074)(25,0.5778114460321732)(30,0.6027298227065859)(35,0.6169433375559017)(40,0.6308002954035863)(45,0.6399246416650562)(50,0.660943359224387)(55,0.6857900552423917)(60,0.6922100273184286)(65,0.6954686055282217)(70,0.6909109325911298)
>>>>>>> a951bbb27fe1746d95ffe74e96735f9f29404d4d
};
\addlegendentry{NLU\_Tran\_All}

\addplot[color=green,mark=*] coordinates {
<<<<<<< HEAD
(5,0.5088418844044978)(10,0.491336882290372)(15,0.5191305831072037)(20,0.524536504952887)(25,0.5236261544475463)(30,0.5487460674814757)(35,0.5415283403032509)(40,0.5645785933652585)(45,0.5524132152261303)(50,0.5657357827419889)(55,0.5889859289730378)(60,0.5746925218681489)(65,0.5720712201237983)(70,0.584560127604091)
=======
(5,null)(10,null)(15,0.4615779088194517)(20,0.4849972717082987)(25,0.49942553491890473)(30,0.5232701925159812)(35,0.5994712753210089)(40,0.5830077241431364)(45,0.603376796332501)(50,0.6159826535741554)(55,0.6508219297906571)(60,0.6702112451283555)(65,0.6783406039293299)(70,0.6635159666724807)
>>>>>>> a951bbb27fe1746d95ffe74e96735f9f29404d4d
};
\addlegendentry{French+German+Potuguese}

\addplot[color=green,mark=*] coordinates {
<<<<<<< HEAD
(5,0.4047306759986021)(10,0.4385176219594792)(15,0.4553893780889154)(20,0.4557135118902246)(25,0.4820707718188066)(30,0.47982193235442494)(35,0.5117308671735978)(40,0.5362908255630667)(45,0.5363713525921604)(50,0.5438020442625222)(55,0.5507370994624253)(60,0.5601918107468224)(65,0.5512979888116556)(70,0.5787429910155165)
=======
(5,null)(10,null)(15,0.419071389703079)(20,0.537711538417479)(25,0.5616800380936776)(30,0.5837389218695803)(35,0.6055398086509391)(40,0.6115343173109525)(45,0.6218231982320178)(50,0.631928098885058)(55,0.6467740930105439)(60,0.659923854522365)(65,0.6682124181655237)(70,0.6603425923339014)
>>>>>>> a951bbb27fe1746d95ffe74e96735f9f29404d4d
};
\addlegendentry{Russian+Hebrew+Arabic}

\addplot[color=green,mark=*] coordinates {
<<<<<<< HEAD
(5,0.6546604453568688)(10,0.6803893515361495)(15,0.6880592824187592)(20,0.6865202779146797)(25,0.6796785312321891)(30,0.6712865838735682)(35,0.6908008825974628)(40,0.6888242985646504)(45,0.6798094893403295)(50,0.6839895207129971)(55,0.6935325849202736)(60,0.7049156560461945)(65,0.69434425213417)(70,0.7054834424054872)
=======
(5,null)(10,null)(15,0.6082672715998743)(20,0.62441827407248)(25,0.6036491969614739)(30,0.6344008869001732)(35,0.6719094852349325)(40,0.656544940361455)(45,0.673472245495282)(50,0.6730273012583086)(55,0.6870619032538345)(60,0.6942112001575189)(65,0.6924192628108222)(70,0.7112814888180166)
>>>>>>> a951bbb27fe1746d95ffe74e96735f9f29404d4d
};
\addlegendentry{Finish+Hungarian+Chinese}

\addplot[color=green,mark=*] coordinates {
<<<<<<< HEAD
(5,0.3430193180496134)(10,0.40253158145818063)(15,0.4330489995330442)(20,0.45541070554548624)(25,0.45814045207774584)(30,0.4559276923199169)(35,0.4988982336050805)(40,0.5138635331624799)(45,0.5218336486800388)(50,0.5355019132059526)(55,0.5497934441217079)(60,0.5710193769940066)(65,0.5613789782933849)(70,0.5701369004702469)
=======
(5,null)(10,null)(15,0.4437909932620111)(20,0.5105454803515961)(25,0.5197684374087783)(30,0.6008774788290334)(35,0.6359474137690959)(40,0.6172214067113031)(45,0.6260921420702903)(50,0.6396444304633483)(55,0.658892701199517)(60,0.6674172604265747)(65,0.6787716926179805)(70,0.6643658055806412)
>>>>>>> a951bbb27fe1746d95ffe74e96735f9f29404d4d
};
\addlegendentry{Spanish+Hebrew+Arabic}

\addplot[color=green,mark=*] coordinates {
<<<<<<< HEAD
(5,0.5923191798809382)(10,0.6215602941992502)(15,0.634941473232679)(20,0.6352748071685006)(25,0.6247476721225408)(30,0.619023932549087)(35,0.6403355247090972)(40,0.6430358221233071)(45,0.6506950232320522)(50,0.6565104604814984)(55,0.6649387903810213)(60,0.6719610874095949)(65,0.6643478739964807)(70,0.6760583280419791)
=======
(5,null)(10,null)(15,0.584001228023245)(20,0.5898868877315966)(25,0.5521792058595107)(30,0.5936274277285126)(35,0.6426040381698879)(40,0.6307702240171856)(45,0.6607882501576258)(50,0.6648752708181107)(55,0.6973842166190501)(60,0.720525096398012)(65,0.711498098469231)(70,0.7112887079389852)
>>>>>>> a951bbb27fe1746d95ffe74e96735f9f29404d4d
};
\addlegendentry{Finish+Hungarian+Urdu}

\addplot[color=green,mark=*] coordinates {
<<<<<<< HEAD
(5,0.5689870128154206)(10,0.6004301101632679)(15,0.622495489444973)(20,0.6103521955571425)(25,0.6068597896513384)(30,0.6092268803918742)(35,0.5976692115095076)(40,0.6092451311376886)(45,0.5924346198788937)(50,0.6199613568916021)(55,0.6296466462685655)(60,0.6388227261016007)(65,0.6293953388051567)(70,0.6556015462183526)
=======
(5,null)(10,null)(15,0.5034021038290829)(20,0.5666796081372496)(25,0.578371122419819)(30,0.5946778981015199)(35,0.6362776238551752)(40,0.6270923285692895)(45,0.6518445551447021)(50,0.6603839840126118)(55,0.687384459600276)(60,0.7165129770223537)(65,0.7110149408989428)(70,0.7211774335681621)
>>>>>>> a951bbb27fe1746d95ffe74e96735f9f29404d4d
};
\addlegendentry{Hungarian}

\addplot[color=green,mark=*] coordinates {
<<<<<<< HEAD
(5,0.7560081149134212)(10,0.7381899971061483)(15,0.7182784445376469)(20,0.6479134115853603)(25,0.6468152519466044)(30,0.6179803689006795)(35,0.6118807741961866)(40,0.6225728536086879)(45,0.6269508660246813)(50,0.6211916266383855)(55,0.6423054360815436)(60,0.6526641521209682)(65,0.6450643879824081)(70,0.6566269269089304)
=======
(5,null)(10,null)(15,0.5826414910390968)(20,0.6042746409577465)(25,0.546641924013813)(30,0.5814635975763998)(35,0.603997368473126)(40,0.5825693831443212)(45,0.6188262743815587)(50,0.6408626884871299)(55,0.6437674563311698)(60,0.6583875911798744)(65,0.659711532330334)(70,0.653251482168477)
>>>>>>> a951bbb27fe1746d95ffe74e96735f9f29404d4d
};
\addlegendentry{Finish}

