size	dial	Natural_Neg	Emb_25	Emb_50	Emb_100	NLU_Tran_All
5	5	0.042105263157894736	0.02558139534883721	0.024444444444444442	0.025	0.02971887550200803
10	10	0.05747126436781609	0.046913580246913576	0.046913580246913576	0.05060240963855421	0.044848484848484846
15	15	0.09412390578904095	0.08257246645414783	0.08635522664199816	0.08629032258064516	0.11299205236091632
20	20	0.12122695711368278	0.100576211086197	0.10535464885071186	0.10438502869378445	0.10069590341578467
25	25	0.1862358642103569	0.15520885045065186	0.15775115784695956	0.1548146705771339	0.1528374238282189
30	30	0.1953966628821669	0.1552652578299125	0.16062729172089016	0.16197627545141322	0.17056630604724982
35	35	0.19707684457602428	0.15969922491293537	0.16382194582846973	0.16436403888997	0.18298332646652146
40	40	0.19852448052756003	0.15782289428177187	0.16406796580721367	0.16726716833221508	0.18258238898547438
45	45	0.2253737574324103	0.1757140816305206	0.17360792332065705	0.16525880668970175	0.22004623250393868
50	50	0.22992840873847736	0.16440866462559328	0.1671212806637996	0.1663998341300455	0.22360514250494196
55	55	0.2753438525128661	0.21026399009442578	0.21448670093492844	0.21549452639940908	0.27335054945431353
60	60	0.2898072794206416	0.2354830695435312	0.2431539575487251	0.24021692473920292	0.27857995512938
65	65	0.3341825955684186	0.25679859268037925	0.25894967391183954	0.2576239624701019	0.3172705807285097
70	70	0.3174366124565762	0.220204729334219	0.21617146518380928	0.21538599886604523	0.31601730684641893