\addplot[color=green,mark=*] coordinates {
(5,5)(10,10)(15,15)(20,20)(25,25)(30,30)(35,35)(40,40)(45,45)(50,50)(55,55)(60,60)(65,65)(70,70)
};
\addlegendentry{dial}

\addplot[color=green,mark=*] coordinates {
<<<<<<< HEAD
(5,0.1568972927587767)(10,0.2233466009656216)(15,0.24055990116058354)(20,0.3369086254355735)(25,0.37167679550839816)(30,0.3532649963960329)(35,0.3832013711831447)(40,0.42371247838699294)(45,0.4745271520519082)(50,0.4910779542142164)(55,0.4816329229736548)(60,0.4773230982894784)(65,0.4689044417315878)(70,0.45173009280197196)
=======
(5,0.42604402234751754)(10,0.4517045290694982)(15,0.4756332220668038)(20,0.43872298042581803)(25,0.5229593319534304)(30,0.48735202629279983)(35,0.4842771530751282)(40,0.5378271087070825)(45,0.574393493243317)(50,0.5512932446737182)(55,0.5497045568538901)(60,0.5247281816524787)(65,0.5190449518007118)(70,0.5780936810154053)
>>>>>>> a951bbb27fe1746d95ffe74e96735f9f29404d4d
};
\addlegendentry{Natural\_Neg}

\addplot[color=green,mark=*] coordinates {
<<<<<<< HEAD
(5,0.28712244795689157)(10,0.2949778782226234)(15,0.3188835041426358)(20,0.3658006507884579)(25,0.38660167181519356)(30,0.4115066629711482)(35,0.43756079772065204)(40,0.4391131855481868)(45,0.4642825332895956)(50,0.5158425356239481)(55,0.5110481390689705)(60,0.5080578415978122)(65,0.5287385317623523)(70,0.5307890723467015)
=======
(5,0.41846872668465274)(10,0.5648294130279943)(15,0.5754461967833032)(20,0.5602634007299676)(25,0.6032142443375325)(30,0.5968011864425172)(35,0.591940260819434)(40,0.6539337348431495)(45,0.6769900954922343)(50,0.6616243581980623)(55,0.6537798133223688)(60,0.6287943173666763)(65,0.6422081773920129)(70,0.6742119125481173)
>>>>>>> a951bbb27fe1746d95ffe74e96735f9f29404d4d
};
\addlegendentry{NLU\_Tran\_All}

\addplot[color=green,mark=*] coordinates {
<<<<<<< HEAD
(5,0.11288948036417294)(10,0.16741422090647334)(15,0.1950044278724742)(20,0.33900013520044)(25,0.32659769429273244)(30,0.3730314311783611)(35,0.4094383525667749)(40,0.4429233418437022)(45,0.47021755489543315)(50,0.514350997886525)(55,0.5104655960578188)(60,0.5070489704397559)(65,0.5126388482803653)(70,0.5195662536718381)
=======
(5,0.4389276125993848)(10,0.5917604901046114)(15,0.6052136909440903)(20,0.5953943469742435)(25,0.5653944520973717)(30,0.5522154898253725)(35,0.5680445830661129)(40,0.5990530667852979)(45,0.6534429928655424)(50,0.635079823365343)(55,0.6146147537772182)(60,0.5939999308534071)(65,0.6130595860213273)(70,0.6493420944919785)
>>>>>>> a951bbb27fe1746d95ffe74e96735f9f29404d4d
};
\addlegendentry{French+German+Potuguese}

\addplot[color=green,mark=*] coordinates {
<<<<<<< HEAD
(5,0.3176570292002281)(10,0.32464728963149325)(15,0.33627310190112497)(20,0.3857004831507346)(25,0.4115533022883878)(30,0.4475105366716353)(35,0.4727670760562538)(40,0.49125494294775096)(45,0.5119269539715056)(50,0.536402287979022)(55,0.534435380612498)(60,0.528931372022222)(65,0.5429541152487222)(70,0.5481535718893706)
=======
(5,0.3655679420351042)(10,0.548808408369754)(15,0.6403818937858314)(20,0.6001811982326293)(25,0.6002538762717496)(30,0.6104736430175715)(35,0.6050857182468257)(40,0.6348589969243787)(45,0.6705426617102047)(50,0.6376218443170962)(55,0.6202427309067283)(60,0.61244096059484)(65,0.6400077471955624)(70,0.6751449180550649)
>>>>>>> a951bbb27fe1746d95ffe74e96735f9f29404d4d
};
\addlegendentry{Russian+Hebrew+Arabic}

\addplot[color=green,mark=*] coordinates {
<<<<<<< HEAD
(5,0.29047209344780844)(10,0.29877837981166316)(15,0.3174233224806778)(20,0.36942679676935225)(25,0.3915917773843171)(30,0.41216499421858127)(35,0.44069918222224186)(40,0.46243724570481615)(45,0.47933422012410853)(50,0.5182972423085126)(55,0.5124387840784188)(60,0.517163210960759)(65,0.5277353173816424)(70,0.5263753352022792)
=======
(5,0.3259629911064545)(10,0.4454720232386973)(15,0.5078057441655011)(20,0.5084488642205836)(25,0.5385597281947246)(30,0.4912906807585034)(35,0.5035737391997882)(40,0.5682619256558943)(45,0.637193155084689)(50,0.6298204726298232)(55,0.614773378925553)(60,0.601098518809474)(65,0.6030662866215882)(70,0.6290691607321348)
>>>>>>> a951bbb27fe1746d95ffe74e96735f9f29404d4d
};
\addlegendentry{Finish+Hungarian+Chinese}

\addplot[color=green,mark=*] coordinates {
<<<<<<< HEAD
(5,0.31303025758625697)(10,0.31952865879113157)(15,0.33694115174615336)(20,0.3895823413058744)(25,0.40837151736128563)(30,0.4176654776482801)(35,0.46797098180179375)(40,0.45858641742373074)(45,0.49517982607053845)(50,0.5356214404347657)(55,0.5330652401186692)(60,0.5246390226546327)(65,0.5375944882416772)(70,0.5472656213450005)
=======
(5,0.41708064848057713)(10,0.546320096635825)(15,0.6284493312508104)(20,0.5842995098073801)(25,0.5910172119629177)(30,0.5949435451001901)(35,0.5912069457458997)(40,0.6236096928957756)(45,0.6539067831604398)(50,0.6324876196863995)(55,0.614266426220591)(60,0.6073907254805548)(65,0.624620288805732)(70,0.6623584856488556)
>>>>>>> a951bbb27fe1746d95ffe74e96735f9f29404d4d
};
\addlegendentry{Spanish+Hebrew+Arabic}

\addplot[color=green,mark=*] coordinates {
<<<<<<< HEAD
(5,0.30173889422198436)(10,0.31424465454375794)(15,0.3319414566121474)(20,0.3848752618221704)(25,0.40453446289842204)(30,0.43398749432268724)(35,0.45327370285822416)(40,0.47495506633829965)(45,0.4965773795899072)(50,0.5476181365575713)(55,0.5428115996674007)(60,0.5262384446863301)(65,0.5382418254889945)(70,0.5429757427453229)
=======
(5,0.3929928699154715)(10,0.45399175647036155)(15,0.534072497444183)(20,0.5069195397616593)(25,0.5389908431611005)(30,0.5203492768343798)(35,0.5219250609271942)(40,0.5834547565640639)(45,0.6257869002776614)(50,0.6360573463212841)(55,0.6298276274779822)(60,0.6137363855163663)(65,0.6466617816549869)(70,0.6815102588870686)
>>>>>>> a951bbb27fe1746d95ffe74e96735f9f29404d4d
};
\addlegendentry{Finish+Hungarian+Urdu}

\addplot[color=green,mark=*] coordinates {
<<<<<<< HEAD
(5,0.3060081221499943)(10,0.316228250641582)(15,0.3329492929760206)(20,0.3662434479431097)(25,0.3882818435559249)(30,0.41581610827046056)(35,0.4680133945286973)(40,0.47649781193915014)(45,0.4750897816203681)(50,0.5324761445776816)(55,0.5283830921183218)(60,0.5360211089973107)(65,0.5459759369976298)(70,0.5388538263935441)
=======
(5,0.38647365491654584)(10,0.5170143356317278)(15,0.5533224142742806)(20,0.5734798951952355)(25,0.5646819470572896)(30,0.5099777289789529)(35,0.49534339824386764)(40,0.5622328143951322)(45,0.6153023656831051)(50,0.609291984569539)(55,0.612197219461842)(60,0.5946667226003721)(65,0.5982873794130305)(70,0.6249561782405324)
>>>>>>> a951bbb27fe1746d95ffe74e96735f9f29404d4d
};
\addlegendentry{Hungarian}

\addplot[color=green,mark=*] coordinates {
<<<<<<< HEAD
(5,0.283870744548799)(10,0.2964599872784145)(15,0.3174847609981726)(20,0.37012559912611576)(25,0.40676466645768466)(30,0.4381460628035666)(35,0.468672873452545)(40,0.483657184189701)(45,0.512068656332116)(50,0.546850675627051)(55,0.5401681110070868)(60,0.5250569982129429)(65,0.537460186582033)(70,0.5439113232292845)
=======
(5,0.3869014573298774)(10,0.4502418868547865)(15,0.4742470374830295)(20,0.4757018475388547)(25,0.5428203559481266)(30,0.5565708250740152)(35,0.5393131649835124)(40,0.5982718443889111)(45,0.6375905676354031)(50,0.6113301667191464)(55,0.5908711379179781)(60,0.5842445755226479)(65,0.592789337754638)(70,0.6462419903628582)
>>>>>>> a951bbb27fe1746d95ffe74e96735f9f29404d4d
};
\addlegendentry{Finish}

