\addplot[color=green,mark=*] coordinates {
(5,5)(10,10)(15,15)(20,20)(25,25)(30,30)(35,35)(40,40)(45,45)(50,50)(55,55)(60,60)(65,65)(70,70)
};
\addlegendentry{dial}

\addplot[color=green,mark=*] coordinates {
<<<<<<< HEAD
(5,0.06963995347788834)(10,0.14123849371764202)(15,0.13330420812282057)(20,0.18271364529783463)(25,0.23239863373095404)(30,0.22952708448691367)(35,0.286691323074125)(40,0.3835405480010672)(45,0.38414913417223756)(50,0.41857622126286725)(55,0.41610184996596367)(60,0.40296696041481467)(65,0.38407063024510346)(70,0.3774258159967975)
=======
(5,0.15532957839565303)(10,0.07159779075382763)(15,0.11940045802902528)(20,0.1645862909741877)(25,0.15323976526293326)(30,0.17964325479399293)(35,0.2660018033945141)(40,0.2691464351292746)(45,0.2763733398030875)(50,0.303125163646452)(55,0.29943102667696897)(60,0.28831291277643223)(65,0.3099676521275757)(70,0.2976122607639023)
>>>>>>> a951bbb27fe1746d95ffe74e96735f9f29404d4d
};
\addlegendentry{Natural\_Neg}

\addplot[color=green,mark=*] coordinates {
<<<<<<< HEAD
(5,0.6046845075254705)(10,0.6081149895021718)(15,0.5916127964883328)(20,0.5925296594090195)(25,0.5942010364368965)(30,0.5889543301608156)(35,0.588742956891869)(40,0.6039578279276268)(45,0.601691151820252)(50,0.5929959575593668)(55,0.5864552933177041)(60,0.5984904830695269)(65,0.5929600829880359)(70,0.5954776793469716)
=======
(5,0.13450563240652047)(10,0.1576920829193585)(15,0.2137603148835471)(20,0.224901953379658)(25,0.18828593619402528)(30,0.2052289465225919)(35,0.2921984949665356)(40,0.2859527491824713)(45,0.30545633982826076)(50,0.3215681044247683)(55,0.31391199099203576)(60,0.3265443951349582)(65,0.33742848276923737)(70,0.31838978406827423)
>>>>>>> a951bbb27fe1746d95ffe74e96735f9f29404d4d
};
\addlegendentry{NLU\_Tran\_All}

\addplot[color=green,mark=*] coordinates {
<<<<<<< HEAD
(5,0.048269900124620305)(10,0.11649245925653959)(15,0.12547654939896763)(20,0.16807911980455736)(25,0.23375821496999785)(30,0.22742762697128768)(35,0.2908278428777683)(40,0.3950571750117258)(45,0.3993801495409043)(50,0.43139497041899855)(55,0.42969111265703075)(60,0.4133879215575237)(65,0.4118526890471692)(70,0.4176924635500546)
=======
(5,0.12177120675303162)(10,0.08790087690897605)(15,0.12799304694187544)(20,0.16687228492926995)(25,0.16044650476992411)(30,0.18985886177375463)(35,0.2931325261878658)(40,0.29335202998436993)(45,0.3237221421922808)(50,0.33508173569706956)(55,0.3261152921150027)(60,0.3207906674603232)(65,0.34219284932852767)(70,0.3213995577901218)
>>>>>>> a951bbb27fe1746d95ffe74e96735f9f29404d4d
};
\addlegendentry{French+German+Potuguese}

\addplot[color=green,mark=*] coordinates {
<<<<<<< HEAD
(5,0.09721479740092528)(10,0.16680080659945673)(15,0.1679173218005649)(20,0.20593277126833417)(25,0.2558953191074479)(30,0.261649892275629)(35,0.3221432091676943)(40,0.4271611540050243)(45,0.427125488236687)(50,0.47230692650355344)(55,0.47098540062213506)(60,0.45923727453081054)(65,0.44659398980134607)(70,0.44792335384009074)
=======
(5,0.14493903280725165)(10,0.1698521189170695)(15,0.23065755074202188)(20,0.2233860434020151)(25,0.2094312178717736)(30,0.22880369492182967)(35,0.3219871433166276)(40,0.3184744228086284)(45,0.342927407470363)(50,0.35969344288654154)(55,0.3377346985962919)(60,0.34984213022639893)(65,0.36589669786323986)(70,0.3475791645982491)
>>>>>>> a951bbb27fe1746d95ffe74e96735f9f29404d4d
};
\addlegendentry{Russian+Hebrew+Arabic}

\addplot[color=green,mark=*] coordinates {
<<<<<<< HEAD
(5,0.5620449978241974)(10,0.5693151050270584)(15,0.56004124558055)(20,0.5707861710848978)(25,0.5705768957543355)(30,0.5689005527852063)(35,0.5597869352688649)(40,0.5859753076823873)(45,0.5826076480919858)(50,0.5930790235042285)(55,0.5934271479934954)(60,0.5949534018095651)(65,0.5927596914834757)(70,0.59619093147664)
=======
(5,0.13593828823364554)(10,0.11861345486172556)(15,0.1748843255726543)(20,0.18706649864992841)(25,0.16486087445631012)(30,0.1924304401573652)(35,0.3037789634290039)(40,0.29765979905932977)(45,0.31199571207145244)(50,0.33257269908946535)(55,0.313116346865506)(60,0.32885717076697574)(65,0.3304630395371295)(70,0.3207746552256569)
>>>>>>> a951bbb27fe1746d95ffe74e96735f9f29404d4d
};
\addlegendentry{Finish+Hungarian+Chinese}

\addplot[color=green,mark=*] coordinates {
<<<<<<< HEAD
(5,0.09987751415403463)(10,0.17231881335625818)(15,0.1658531226652021)(20,0.21268589753098768)(25,0.2628250339901968)(30,0.26500959051151585)(35,0.3102169260363605)(40,0.41325837297829066)(45,0.42226308278364016)(50,0.4764313101902548)(55,0.4767785398360996)(60,0.4571014375917561)(65,0.4560439681053225)(70,0.46230056412322346)
=======
(5,0.1528440620254912)(10,0.1712086848519293)(15,0.2197578776010265)(20,0.21281992769305033)(25,0.2063846616705889)(30,0.2221736977439687)(35,0.33628494961580285)(40,0.3227650956108018)(45,0.33798646017840156)(50,0.3515935623647959)(55,0.33840871071751993)(60,0.36699047699968756)(65,0.3788956666920576)(70,0.3570647454141903)
>>>>>>> a951bbb27fe1746d95ffe74e96735f9f29404d4d
};
\addlegendentry{Spanish+Hebrew+Arabic}

\addplot[color=green,mark=*] coordinates {
<<<<<<< HEAD
(5,0.5709380411523961)(10,0.5750156814055533)(15,0.562719040748995)(20,0.5661282074721796)(25,0.5661997836098153)(30,0.5643067275641854)(35,0.5683338320607312)(40,0.5943595667404072)(45,0.5871118700184108)(50,0.5997830547225799)(55,0.5964578656601386)(60,0.5936762058562686)(65,0.588093530181572)(70,0.5888260034315557)
=======
(5,0.15396029498500396)(10,0.12556250028612478)(15,0.18409929760784635)(20,0.2060965594837712)(25,0.17853860268013835)(30,0.21324487700355102)(35,0.30739072813896)(40,0.3028169983218642)(45,0.3339125438100421)(50,0.3562502211516276)(55,0.3482885329359503)(60,0.34603576960244425)(65,0.3527206819794548)(70,0.34019791309955905)
>>>>>>> a951bbb27fe1746d95ffe74e96735f9f29404d4d
};
\addlegendentry{Finish+Hungarian+Urdu}

\addplot[color=green,mark=*] coordinates {
<<<<<<< HEAD
(5,0.10454207367351273)(10,0.16994976033048223)(15,0.16634647819063766)(20,0.2188819542012789)(25,0.27942881185475565)(30,0.27238307156851815)(35,0.33785666612841886)(40,0.4398497021406773)(45,0.4286839155572605)(50,0.47340171051003155)(55,0.4766281071650423)(60,0.46322962808189627)(65,0.4583070889618893)(70,0.4608353918357785)
=======
(5,0.1386304028645169)(10,0.12002128386063156)(15,0.15637824721748145)(20,0.19467963918012834)(25,0.18269092489872393)(30,0.22653520473064184)(35,0.3248623676289817)(40,0.32267858757813345)(45,0.34749347303751404)(50,0.3566091068552257)(55,0.34509731211329997)(60,0.35808164448162944)(65,0.3675011540524458)(70,0.34876461955905685)
>>>>>>> a951bbb27fe1746d95ffe74e96735f9f29404d4d
};
\addlegendentry{Hungarian}

\addplot[color=green,mark=*] coordinates {
<<<<<<< HEAD
(5,0.6910802107747606)(10,0.6320283544251059)(15,0.5968946318731371)(20,0.5873478049430234)(25,0.5812856105327919)(30,0.5495694488875181)(35,0.5409029265796813)(40,0.5708351345895573)(45,0.5673667302309947)(50,0.5753797229432382)(55,0.5646955492683056)(60,0.5692103827787202)(65,0.5543978384861603)(70,0.5488688110782883)
=======
(5,0.16131245738571004)(10,0.1018436629808944)(15,0.16473299204623348)(20,0.19254610245207784)(25,0.16760589132998133)(30,0.1858236987841621)(35,0.2663431151245174)(40,0.2701119790997395)(45,0.27759209740519336)(50,0.3122046220200949)(55,0.32512587814302407)(60,0.33745729597800694)(65,0.3329822052231914)(70,0.32732401760729013)
>>>>>>> a951bbb27fe1746d95ffe74e96735f9f29404d4d
};
\addlegendentry{Finish}

