\addplot[color=green,mark=*] coordinates {
(5,5)(10,10)(15,15)(20,20)(25,25)(30,30)(35,35)(40,40)(45,45)(50,50)(55,55)(60,60)(65,65)(70,70)
};
\addlegendentry{dial}

\addplot[color=green,mark=*] coordinates {
<<<<<<< HEAD
(5,0.3728775076261075)(10,0.5002605313174955)(15,0.5818208507649609)(20,0.5547592432211677)(25,0.5796875678770669)(30,0.6226929959998831)(35,0.5998601045297273)(40,0.6115091942133006)(45,0.6062410494578254)(50,0.6144734279449984)(55,0.6456337633917214)(60,0.6686688776887638)(65,0.686566239040513)(70,0.6824920696444323)
=======
(5,0.7707432148880311)(10,0.879945708676734)(15,0.8291623667857481)(20,0.8206069164610247)(25,0.8259255801961706)(30,0.8399097228993047)(35,0.8318415817673321)(40,0.8421149917216255)(45,0.8648238421697219)(50,0.8889777083167087)(55,0.895312794956261)(60,0.9037167657487417)(65,0.9106057002978535)(70,0.9159716025086901)
>>>>>>> a951bbb27fe1746d95ffe74e96735f9f29404d4d
};
\addlegendentry{Natural\_Neg}

\addplot[color=green,mark=*] coordinates {
<<<<<<< HEAD
(5,0.40996507454434655)(10,0.4470570580841457)(15,0.5101866347420844)(20,0.5288408597790145)(25,0.559354696138241)(30,0.5902537302259622)(35,0.5942917818734651)(40,0.6056614198162859)(45,0.6236227312837108)(50,0.6375236786353552)(55,0.652296347884414)(60,0.6587438132123855)(65,0.6733817823676334)(70,0.6742632399023367)
=======
(5,0.8989700714587514)(10,0.918443344568854)(15,0.8677332205941427)(20,0.8666178773864857)(25,0.869819623063752)(30,0.9011834240759488)(35,0.9000918722591595)(40,0.8991227789524909)(45,0.9084125361042406)(50,0.9254491871874867)(55,0.9378555535114558)(60,0.9459466243756569)(65,0.9513357094803563)(70,0.9534093953083586)
>>>>>>> a951bbb27fe1746d95ffe74e96735f9f29404d4d
};
\addlegendentry{NLU\_Tran\_All}

\addplot[color=green,mark=*] coordinates {
<<<<<<< HEAD
(5,0.6502985113023294)(10,0.6731383008200873)(15,0.7054803587503378)(20,0.6903808177118255)(25,0.6662778240603543)(30,0.6584754649615363)(35,0.6560301295229415)(40,0.6704732525979541)(45,0.6834926245357044)(50,0.6704218383019026)(55,0.699468264341979)(60,0.7113517523733343)(65,0.7233750624629041)(70,0.7208622766090382)
=======
(5,0.8891716171609391)(10,0.8774136676971572)(15,0.8218196674590141)(20,0.8280065064266203)(25,0.8374653467490436)(30,0.8700455947301451)(35,0.8754478478104002)(40,0.8830330449973731)(45,0.8891998275647509)(50,0.9048913628971865)(55,0.919984122201045)(60,0.9350679879959722)(65,0.9388592235026827)(70,0.9428260827043511)
>>>>>>> a951bbb27fe1746d95ffe74e96735f9f29404d4d
};
\addlegendentry{French+German+Potuguese}

\addplot[color=green,mark=*] coordinates {
<<<<<<< HEAD
(5,0.3582400595873162)(10,0.46365153274853954)(15,0.5549364721155174)(20,0.5861932928150264)(25,0.588210593892873)(30,0.6356446755507791)(35,0.6483362380861006)(40,0.6365526182787782)(45,0.6690627266177469)(50,0.6619916096453993)(55,0.677745650468432)(60,0.705547828541419)(65,0.7264244216008833)(70,0.718666400062361)
=======
(5,0.8573516943421419)(10,0.8826046440572008)(15,0.8375721891524469)(20,0.8600269936377751)(25,0.8628849237928149)(30,0.8873169884602291)(35,0.8851700079769597)(40,0.9181187403621311)(45,0.926728050624735)(50,0.9269895670272676)(55,0.932727753099087)(60,0.9419904737947187)(65,0.9437426806059847)(70,0.947539278596628)
>>>>>>> a951bbb27fe1746d95ffe74e96735f9f29404d4d
};
\addlegendentry{Russian+Hebrew+Arabic}

\addplot[color=green,mark=*] coordinates {
<<<<<<< HEAD
(5,0.4016302211331803)(10,0.4700777047712731)(15,0.5372542496289844)(20,0.5549061999255944)(25,0.5782091637199389)(30,0.6053576086760213)(35,0.6239734852123785)(40,0.6369082274880951)(45,0.6403296689648561)(50,0.6567435125539898)(55,0.6710376144490305)(60,0.6948792974226706)(65,0.7132935790700102)(70,0.7220810170183201)
=======
(5,0.9091265717059251)(10,0.9366876429950839)(15,0.8955742478392507)(20,0.8768302819939933)(25,0.876738238377379)(30,0.922192543528736)(35,0.9212790526213828)(40,0.9067565857843283)(45,0.9226909720879493)(50,0.9304308045526233)(55,0.9302456024680362)(60,0.9341996063302638)(65,0.946693794919469)(70,0.950453553416567)
>>>>>>> a951bbb27fe1746d95ffe74e96735f9f29404d4d
};
\addlegendentry{Finish+Hungarian+Chinese}

\addplot[color=green,mark=*] coordinates {
<<<<<<< HEAD
(5,0.3472626045055212)(10,0.4214688781337716)(15,0.47889648813128566)(20,0.5030927729845593)(25,0.5400429592826955)(30,0.5755759781070424)(35,0.5798543801411691)(40,0.6159007019900153)(45,0.6173154629661661)(50,0.6224424303388619)(55,0.6436629510218698)(60,0.6727751272520534)(65,0.6842171774658741)(70,0.6807450527338844)
=======
(5,0.846812269107368)(10,0.8818826590641713)(15,0.8542376698865934)(20,0.8665181500376049)(25,0.8680317941327178)(30,0.8938934707440443)(35,0.8945741497950133)(40,0.9214058328363967)(45,0.9255600036223843)(50,0.9316657053548127)(55,0.9374867998323936)(60,0.9423468944019792)(65,0.9453499216183122)(70,0.946944651242181)
>>>>>>> a951bbb27fe1746d95ffe74e96735f9f29404d4d
};
\addlegendentry{Spanish+Hebrew+Arabic}

\addplot[color=green,mark=*] coordinates {
<<<<<<< HEAD
(5,0.46307957778822645)(10,0.4998322811259645)(15,0.5463334457387766)(20,0.5486163118987719)(25,0.5808063736983781)(30,0.5931096346800064)(35,0.6039954750604197)(40,0.6258893022702983)(45,0.6382296709770401)(50,0.6380763047484277)(55,0.6546340934300406)(60,0.6771302138571562)(65,0.6932260998018511)(70,0.6946462170959242)
=======
(5,0.8775233453820283)(10,0.9392218864658217)(15,0.9148298696505621)(20,0.8686887113280569)(25,0.8677857141832307)(30,0.9122869203839354)(35,0.9111400875454286)(40,0.9114687176783167)(45,0.9271665584070066)(50,0.9360338888797692)(55,0.9313003776004611)(60,0.9396860983619458)(65,0.9485445389428907)(70,0.950544231378359)
>>>>>>> a951bbb27fe1746d95ffe74e96735f9f29404d4d
};
\addlegendentry{Finish+Hungarian+Urdu}

\addplot[color=green,mark=*] coordinates {
<<<<<<< HEAD
(5,0.4418261597798331)(10,0.5332648431460294)(15,0.6143987392268904)(20,0.6091126609797286)(25,0.6250936334229833)(30,0.6652027913060342)(35,0.6607577625602741)(40,0.6683439806374206)(45,0.689509592116909)(50,0.6878145459340996)(55,0.7164421736467991)(60,0.7298698378423585)(65,0.7414823829895327)(70,0.7360287011342239)
=======
(5,0.9141764211608476)(10,0.9416750653330604)(15,0.8729498873506161)(20,0.863562787372779)(25,0.8655837456791243)(30,0.8937282706939739)(35,0.888045040848451)(40,0.8785890973455526)(45,0.8905111443368913)(50,0.9340459158118859)(55,0.9276376211526968)(60,0.9345785524503614)(65,0.9468162743436881)(70,0.945887173679439)
>>>>>>> a951bbb27fe1746d95ffe74e96735f9f29404d4d
};
\addlegendentry{Hungarian}

\addplot[color=green,mark=*] coordinates {
<<<<<<< HEAD
(5,0.35291327712544535)(10,0.44672046213012245)(15,0.5245144547798046)(20,0.5348823547700816)(25,0.5597674097117564)(30,0.6155982436247471)(35,0.6421463008430411)(40,0.6538467479262537)(45,0.6465617998069536)(50,0.6355702548981325)(55,0.6708409606980442)(60,0.7018924619210294)(65,0.727598781189619)(70,0.7365805853409559)
=======
(5,0.8511379688119168)(10,0.9053238061054356)(15,0.8947079024832607)(20,0.8703776152098703)(25,0.8762207323576264)(30,0.9144720069279412)(35,0.9225618762009503)(40,0.9270465234987935)(45,0.9295545975924216)(50,0.9194686181771733)(55,0.9255754264933458)(60,0.935626790441396)(65,0.942088250206278)(70,0.9468882978618897)
>>>>>>> a951bbb27fe1746d95ffe74e96735f9f29404d4d
};
\addlegendentry{Finish}

