size	dial	Natural_Neg	Emb_25	Emb_50	Emb_100	NLU_Tran_All
5	5	0.1983571677950761	0.21020298618154482	0.20963759448166347	0.21076183087809156	0.23373312843376642
10	10	0.21620325471754698	0.24670226075753288	0.24961349082833229	0.2578964266674861	0.2825917400001817
15	15	0.26728797178264996	0.2842453359142686	0.29132469948425815	0.29023424334226416	0.33583921622798585
20	20	0.29180635450891274	0.3084683396733866	0.31945353319554043	0.3203636221402763	0.35166015985853233
25	25	0.3382250880960719	0.35116335147256084	0.3632883175132501	0.3639893758409105	0.36615072680979105
30	30	0.3684059209387231	0.3679163077938804	0.3726759613254308	0.37574135389638613	0.3959459301747205
35	35	0.4112737671389658	0.3950295609223739	0.39598897988675286	0.3986698757573346	0.43830741008071783
40	40	0.4205441942041898	0.4113376532739039	0.41936690263643445	0.424114040140518	0.4448555744631494
45	45	0.4482349526846952	0.43571833206316074	0.4395078499340405	0.438763835158008	0.472101561164233
50	50	0.45774849315002414	0.42881723880150496	0.430787174666644	0.43385449320907876	0.4745901731179221
55	55	0.47036293345559654	0.4425452824899449	0.44759317570321266	0.4494347265009191	0.49614743942619305
60	60	0.46674531311487294	0.4497703352517446	0.45520022696046614	0.45673747723723784	0.4985685613121613
65	65	0.480743930975463	0.4546529865728085	0.4640513472759671	0.46283003607708634	0.5089728851029621
70	70	0.48018118756836137	0.46105796209384325	0.4611302794640847	0.45710204305049523	0.5045312648824968