\addplot[color=green,mark=*] coordinates {
(5,5)(10,10)(15,15)(20,20)(25,25)(30,30)(35,35)(40,40)(45,45)(50,50)(55,55)(60,60)(65,65)(70,70)
};
\addlegendentry{dial}

\addplot[color=green,mark=*] coordinates {
(5,0.4328062544562258)(10,0.37065481643198495)(15,0.38880287615098086)(20,0.4186022337695898)(25,0.47367736595273724)(30,0.4667009433836172)(35,0.4978388028923928)(40,0.5237987567815076)(45,0.5414178351186365)(50,0.5665404233886764)(55,0.572625156200796)(60,0.5842361450581773)(65,0.579628462018193)(70,0.5834685319812234)
};
\addlegendentry{Natural\_Neg}

\addplot[color=green,mark=*] coordinates {
(5,0.4468350883746496)(10,0.42237462309410184)(15,0.43054878937707813)(20,0.4755873431395135)(25,0.4997106519812264)(30,0.4983657470130499)(35,0.5081360310268839)(40,0.5280499755632028)(45,0.5466796764944096)(50,0.5581541230188429)(55,0.5661978238946326)(60,0.5792535033431089)(65,0.5710969378853594)(70,0.581938227897093)
};
\addlegendentry{Emb\_25}

\addplot[color=green,mark=*] coordinates {
(5,0.44682067083410787)(10,0.4461774150410432)(15,0.4592545349725639)(20,0.4825985096800308)(25,0.5081394053274609)(30,0.5043288224108082)(35,0.5115132285640971)(40,0.5340666722434507)(45,0.553321042985081)(50,0.5606031557163413)(55,0.5712703030843176)(60,0.5841559415834627)(65,0.5788604488205961)(70,0.5814725600519095)
};
\addlegendentry{Emb\_50}

\addplot[color=green,mark=*] coordinates {
(5,0.4481302383134129)(10,0.4577905698524674)(15,0.46081113191567785)(20,0.4770269680548583)(25,0.5097037939406709)(30,0.5094323847521542)(35,0.5160738487939561)(40,0.5413821450474048)(45,0.5604806582231646)(50,0.5647254811756105)(55,0.5704808403645635)(60,0.5876251355754195)(65,0.5810235783223955)(70,0.5846008425038842)
};
\addlegendentry{Emb\_100}

\addplot[color=green,mark=*] coordinates {
(5,0.4870584522494205)(10,0.4753784702788949)(15,0.484481239845989)(20,0.5037408556269796)(25,0.5366923641395631)(30,0.5682925602056852)(35,0.5951495622867053)(40,0.6067834079948758)(45,0.6236009624277374)(50,0.6334303611406382)(55,0.6346485156436189)(60,0.6424155858597462)(65,0.6464672787113412)(70,0.648683002630401)
};
\addlegendentry{NLU\_Tran\_All}

