\addplot[color=green,mark=*] coordinates {
(5,5)(10,10)(15,15)(20,20)(25,25)(30,30)(35,35)(40,40)(45,45)(50,50)(55,55)(60,60)(65,65)(70,70)
};
\addlegendentry{dial}

\addplot[color=green,mark=*] coordinates {
(5,0.39326121107293843)(10,0.35219073878262214)(15,0.3653798648997978)(20,0.3862027160391658)(25,0.4338900541964107)(30,0.42791783804839645)(35,0.44893883240733723)(40,0.47234585085642405)(45,0.48950541830649075)(50,0.5110176518871181)(55,0.511910639201959)(60,0.5233075604987926)(65,0.521163218676024)(70,0.523686794523924)
};
\addlegendentry{Natural\_Neg}

\addplot[color=green,mark=*] coordinates {
(5,0.4053745994951786)(10,0.3980830571202263)(15,0.4046699180221115)(20,0.4382626667461045)(25,0.4660168907418127)(30,0.46770199171753174)(35,0.47102131942640585)(40,0.4857029888923778)(45,0.49916833888292345)(50,0.5114427434878085)(55,0.5187887152923525)(60,0.5276840236744377)(65,0.5257638502732369)(70,0.5377557578845342)
};
\addlegendentry{Emb\_25}

\addplot[color=green,mark=*] coordinates {
(5,0.4053533756847173)(10,0.41530388793802564)(15,0.4283303751484985)(20,0.44495659849142183)(25,0.4745021946353153)(30,0.4730232477357096)(35,0.4771625854079404)(40,0.4935318432953169)(45,0.5109961715806527)(50,0.5171638250905867)(55,0.5262177259973444)(60,0.5349532556230311)(65,0.5381410266528266)(70,0.5396185002409037)
};
\addlegendentry{Emb\_50}

\addplot[color=green,mark=*] coordinates {
(5,0.4066536245588105)(10,0.4264279846735356)(15,0.43030550181315474)(20,0.4400337269684297)(25,0.4766508350238722)(30,0.4783540977167511)(35,0.4826173743628873)(40,0.5012020394450326)(45,0.5197703132452103)(50,0.5232906204081049)(55,0.5263362562405757)(60,0.543145078653833)(65,0.5412850424065574)(70,0.5433638954390448)
};
\addlegendentry{Emb\_100}

\addplot[color=green,mark=*] coordinates {
(5,0.4307146430809641)(10,0.4149525495493546)(15,0.4283953153187336)(20,0.44474903977139385)(25,0.47260189655161583)(30,0.5016227631356891)(35,0.5249285833460331)(40,0.5324486881221538)(45,0.5462796598472184)(50,0.5549237602322776)(55,0.5557809992956986)(60,0.5659780622525139)(65,0.5700761961029059)(70,0.5737415211134574)
};
\addlegendentry{NLU\_Tran\_All}

