size	dial	Natural_Neg	Emb_25	Emb_50	Emb_100	NLU_Tran_All
5	5	0.5285152293224359	0.5565448027997439	0.5572758272994711	0.560101033707138	0.6049868409731579
10	10	0.4951176992127667	0.5901832689733328	0.6130875513053092	0.6257496091990395	0.5873267101020835
15	15	0.5284134661203982	0.5951926362799239	0.6213857127028415	0.6260087487720524	0.596276329849661
20	20	0.5600950701625468	0.6266033725060784	0.6335472044270178	0.6242025157589176	0.6160700220424908
25	25	0.6006438761254904	0.6496153659052564	0.6560599859758245	0.6541937971520542	0.6429605138298778
30	30	0.6038645696114446	0.6640631571257775	0.6703577493024335	0.676330843477412	0.6916954120638611
35	35	0.6175058779365054	0.665199300006799	0.6700740854978318	0.6754383920271956	0.7103231446774277
40	40	0.6403573085628699	0.6772090540262798	0.6803967630973372	0.6859335470086431	0.722049159018053
45	45	0.6589648167790183	0.6921374730393977	0.6979171773269743	0.7051405946113916	0.7235739249705302
50	50	0.6847259211402422	0.7051596650650158	0.7083128469745646	0.7127877474083727	0.733537048433451
55	55	0.6909033062030769	0.7159765616131305	0.7217540768864541	0.7212511278754541	0.7371335717316042
60	60	0.7062331210467803	0.7276881955323462	0.7349772814354396	0.7376234806173867	0.7476565586101405
65	65	0.7008444706650006	0.7282877870306388	0.7373542779318458	0.7399922853285696	0.7474500161820314
70	70	0.711430263295166	0.7422785424093225	0.7435921093218387	0.748806975600134	0.7518155446286838