size	dial	Natural_Neg	NLU_Tran_All	French+German+Potuguese	Russian+Hebrew+Arabic	Finish+Hungarian+Chinese	Spanish+Hebrew+Arabic	Finish+Hungarian+Urdu	Hungarian	Finish
<<<<<<< HEAD
5	5	0.594049799836839	0.6052138416729475	0.5634131604535292	0.6471344207511727	0.6286798559281752	0.6163262535014845	0.6081570198716059	0.6377572277617207	0.5608600089196456
10	10	0.6250105933914113	0.6172770203834885	0.5811679213120906	0.6671265532330334	0.6719460721945156	0.6492331398516455	0.6297485086393193	0.6612676391932991	0.6527912791413399
15	15	0.6359895509054235	0.6187630484334647	0.5987180313257171	0.651763980856477	0.6801643302666986	0.6541933618406383	0.6318303672129355	0.6637078503540588	0.674190543210195
20	20	0.6144548347928869	0.6228358856985955	0.5946958137629056	0.6392636990373398	0.686095158768681	0.6494906944991256	0.6440322670902877	0.6643324540870946	0.671289848147456
25	25	0.6328970007275736	0.6318635899628051	0.6045398910566935	0.6528966423902722	0.68636843431022	0.6511633968101991	0.651595769164475	0.6673768438727098	0.673819739873901
30	30	0.6426755619420416	0.6274974500014222	0.6061968773273602	0.640083728078483	0.6889845939119825	0.648989407346305	0.6525981792287888	0.663309709637588	0.6662801395757724
35	35	0.6478891124507268	0.6423267035333716	0.611363583098185	0.6510257401744507	0.6916464866644041	0.6556054432002311	0.6662748045207063	0.662968690275213	0.667734015090186
40	40	0.6618162393476996	0.6508215890973345	0.6220056556553832	0.6581122623823253	0.6891933136474918	0.662166988049959	0.6646543948301253	0.6699503038533648	0.6706131401112779
45	45	0.6672540460725486	0.6572594459586136	0.6363287161556077	0.6701776093023105	0.695157132504732	0.6698259419643551	0.6677464415292975	0.6733748989353199	0.6789870717255496
50	50	0.6780504305939141	0.6654191285321441	0.6413519785372858	0.6708440885458562	0.7040267339107152	0.6710190224946473	0.6767910125194662	0.6830161950222962	0.6811990993764085
55	55	0.6751964867867208	0.6698582200300046	0.6464108532595173	0.6693294118558585	0.7048882906419532	0.67544296471118	0.6823001594763978	0.6838703060228297	0.6842846214117293
60	60	0.6797059943489916	0.6748685757267124	0.6525856481069566	0.67600280591047	0.7115746180682474	0.6851650365095462	0.6869517488800052	0.6909325761783272	0.6901174807928612
65	65	0.680040918452123	0.6837667476963458	0.658850724418311	0.6795050800154671	0.7115268065366503	0.6861107314457727	0.6906396725328856	0.6915245091425839	0.6911483985206911
70	70	0.6866990494435463	0.683473081353368	0.6622631859128812	0.6886835620501787	0.713815320286395	0.6886359278992029	0.6928454580041213	0.6986491711427065	0.6920858151403666
=======
5	5	0.6099692220902674	0.6343434042096203	0.6299225253494367	0.6012015199827829	0.624767502289925	0.6049782810046541	0.6202393993730222	0.6384188572307032	0.6023861728894243
10	10	0.7385657134122703	0.7108249797399138	0.695451926982769	0.6851822957315848	0.6923660867914375	0.697744435573215	0.6891343715887268	0.7165812101994458	0.6693623481432193
15	15	0.7685201996441547	0.7241462673143046	0.6945968036269906	0.7029491098376247	0.7235350389425778	0.7286064083731751	0.7249284139192673	0.7261742824626917	0.7210122541534281
20	20	0.7494417147608956	0.7094052778068558	0.6862537852616306	0.71027092004801	0.7135010874751335	0.7246461774899638	0.7022488503866011	0.7194859030997309	0.7166200413085553
25	25	0.7580644969007835	0.7130464259196754	0.6974742233767836	0.7159019233317824	0.7151854986354685	0.7170512778504452	0.7069302961955961	0.7318041434766998	0.720784408568441
30	30	0.7842285102044315	0.7432705983638632	0.7190848082012123	0.749264543008552	0.749884713639108	0.7526920513482208	0.7462831708802458	0.7500655488774679	0.7375814368547812
35	35	0.7917676177033354	0.7556288146714245	0.7408761406649609	0.7579644538484107	0.7640065845029504	0.7682591684991309	0.7621628603019505	0.769282311185804	0.7535065236564213
40	40	0.7856183331562885	0.7625557142500805	0.73897465167582	0.7710534099500562	0.7693661425902683	0.7749277788770065	0.7767680113568671	0.773822371024701	0.7603551236034477
45	45	0.7998860305391285	0.7768180564232466	0.757261350873242	0.779452973604198	0.7821403513854039	0.7817104418928921	0.7948779490714236	0.7861633388329163	0.7718312001497445
50	50	0.8037830283293351	0.7821378441077015	0.7618826568135809	0.7677079048441003	0.7807950597918157	0.7756494215534698	0.7902344768451615	0.7944811553489407	0.7654189741491713
55	55	0.8129345719600639	0.7812517181548304	0.7657083997408983	0.7710201285800771	0.7806142906079291	0.7814771727071997	0.7960496452504958	0.7975059861170808	0.7739216918773592
60	60	0.8232041692349158	0.7851743154554788	0.7775589597367031	0.7788100212925292	0.7819264930864368	0.7879738916768125	0.797330069802064	0.8046382617359541	0.7842385659571431
65	65	0.8278075462302337	0.7956385081780905	0.7803475341143672	0.7861509238933688	0.7899672861444622	0.7926445313622356	0.8014303155925463	0.8094043692264521	0.7910377695406303
70	70	0.8239987897426765	0.7968940025173552	0.7875529642926775	0.787324021651945	0.7966886991465973	0.7929767944809992	0.8063647305133307	0.8110194149047377	0.7953552985385564
>>>>>>> a951bbb27fe1746d95ffe74e96735f9f29404d4d
