\addplot[color=green,mark=*] coordinates {
(5,5)(10,10)(15,15)(20,20)(25,25)(30,30)(35,35)(40,40)(45,45)(50,50)(55,55)(60,60)(65,65)(70,70)
};
\addlegendentry{dial}

\addplot[color=green,mark=*] coordinates {
(5,0.6651902594433332)(10,0.6516101174392378)(15,0.6775571782312461)(20,0.6909863648180752)(25,0.6853180991624332)(30,0.7076466860848519)(35,0.7175663192029875)(40,0.7156894043633513)(45,0.7221825420246561)(50,0.7214725236204889)(55,0.7145617472695983)(60,0.7097828105142565)(65,0.7135547889883023)(70,0.7194212491341703)
};
\addlegendentry{Natural\_Neg}

\addplot[color=green,mark=*] coordinates {
(5,0.6672109820846177)(10,0.6947140551464156)(15,0.7124535693896336)(20,0.7039896116735191)(25,0.7267738120321245)(30,0.7370014557023264)(35,0.7392633259137094)(40,0.7474258525105695)(45,0.748572444491682)(50,0.7449855099144653)(55,0.7390371804600256)(60,0.736994985104229)(65,0.7456841651480046)(70,0.7557817326204885)
};
\addlegendentry{Emb\_25}

\addplot[color=green,mark=*] coordinates {
(5,0.6685523798832078)(10,0.6948296667338496)(15,0.7153286493119551)(20,0.7139696587864034)(25,0.7322779088746272)(30,0.7376653787746544)(35,0.7392244411399597)(40,0.7447857877156734)(45,0.7486620072035767)(50,0.7467619190548125)(55,0.7419054935089439)(60,0.7404951651351233)(65,0.7541776629994088)(70,0.7572238826240105)
};
\addlegendentry{Emb\_50}

\addplot[color=green,mark=*] coordinates {
(5,0.6669464455439632)(10,0.6947112810644149)(15,0.7122019712473662)(20,0.705208996474344)(25,0.7235805900631946)(30,0.7367132286617849)(35,0.740248982251472)(40,0.7460723245104521)(45,0.7495810817981937)(50,0.7485839178817815)(55,0.7413368713281724)(60,0.7379874397082561)(65,0.7507080075476643)(70,0.7545589387257264)
};
\addlegendentry{Emb\_100}

\addplot[color=green,mark=*] coordinates {
(5,0.6258943332925091)(10,0.6571007615783604)(15,0.6895470902425929)(20,0.7009801311962838)(25,0.6951360155807403)(30,0.7085479433742545)(35,0.7155585342955901)(40,0.7178287551540252)(45,0.7209680258172304)(50,0.7182287794561246)(55,0.7176459544543101)(60,0.720767349006739)(65,0.7208412204073985)(70,0.7191543189230563)
};
\addlegendentry{NLU\_Tran\_All}

