size	dial	Natural_Neg	NLU_Tran_All	French+German+Potuguese	Russian+Hebrew+Arabic	Finish+Hungarian+Chinese	Spanish+Hebrew+Arabic	Finish+Hungarian+Urdu	Hungarian	Finish
<<<<<<< HEAD
5	5	0.11331747319246854	0.6288649954477943	0.09093292848655256	0.17377156166500743	0.5180631623194404	0.17472875945830632	0.5761296025748058	0.17566852903594854	0.48172314537287353
10	10	0.2062185473486604	0.6223944817834679	0.18578167305755686	0.2569542118125362	0.565239080214749	0.2572628124436444	0.590851189545067	0.2509458311308194	0.5554282913143707
15	15	0.1976020847755255	0.6087608769492177	0.19208921524440434	0.2575458155299339	0.5741138126565696	0.25425362227335857	0.5796442274341416	0.24746724261519032	0.5758072739720939
20	20	0.2576225411017277	0.6126351032796904	0.243602243756476	0.2996413280762734	0.6094423662727584	0.30794826175202705	0.598229312829522	0.30886686795723334	0.6071188753225221
25	25	0.29453578202034403	0.6167199668272201	0.29730227180486557	0.3387548529432293	0.608592475676631	0.34729518677429994	0.5980742950715624	0.3517821092099357	0.6089830005949497
30	30	0.2911680319959519	0.6176271021327631	0.2915266750704256	0.3437642764602181	0.6117953382715234	0.3480283344143755	0.6045307392037075	0.3497360508296511	0.5959451585663015
35	35	0.3567724292554046	0.6254271884111502	0.3639857800424292	0.4058797009478905	0.6074788535077078	0.39764308781585916	0.6139644199759768	0.41105036448077287	0.591965647111136
40	40	0.44614272096214797	0.6291779914901274	0.46153847175571805	0.49551548618457586	0.6190466397944538	0.48638346394904736	0.6247737063496566	0.4932602428123369	0.6054130230429516
45	45	0.4451828032739032	0.6273936019284576	0.4627878369214772	0.4924998036696674	0.6154528066465705	0.48661930260631825	0.6178967882690217	0.48677085504668566	0.6025570858134932
50	50	0.48547206053386927	0.6262092094260598	0.49756898810376765	0.5376009413958014	0.6273873208776657	0.5377240890005386	0.6272644167437827	0.5317310429348348	0.6057265171838668
55	55	0.47982614026987236	0.623780448833527	0.49459605078036584	0.5329740584656916	0.6279881993291426	0.5381710471766997	0.6238982802308968	0.5332080601738525	0.5963492733497708
60	60	0.47461041885229704	0.6355582499295325	0.48558593057648797	0.5246794846910178	0.63166191980892	0.5245119159565544	0.6255535781874634	0.5255236264713822	0.6016321911989327
65	65	0.4583263276715429	0.6354462068115577	0.48319525750519815	0.5184023224655652	0.6352496512230799	0.5235926304295065	0.62398117109667	0.5229111453609046	0.5945635653040956
70	70	0.45854658278954874	0.6362576657708929	0.49107541528720955	0.523519841824583	0.636250888076922	0.5279934755233039	0.6258071787163978	0.5276916100287767	0.5932832959561936
=======
5	5	0.09221905614117479	0.10164063534703587	0.09461681090381155	0.09952891235432407	0.1038016796185385	0.10018298976285198	0.10362955103946454	0.10309181809782739	0.09545984591799304
10	10	0.08821226676953167	0.17331247316374002	0.09368821872910524	0.18734312925154084	0.14354942947536958	0.1912107335057249	0.1436787465769233	0.16330965879283518	0.10088154584899307
15	15	0.1516341004689084	0.22853902898325504	0.15246324826443075	0.23554158583207005	0.20519391556239688	0.2404944794798193	0.20402704217209564	0.206544897589591	0.1719360135703643
20	20	0.19384220770881452	0.25368059682832084	0.19377926557050357	0.249873858408494	0.23488297469372282	0.24598288013314268	0.2447281956304032	0.25056697992836197	0.2233319161225275
25	25	0.18888077811539586	0.22147156671774665	0.1941908139423528	0.23392196707904991	0.22240844389553546	0.24110838454222594	0.22312090799120834	0.24458505308325568	0.20979504983673797
30	30	0.23130777228748461	0.26107548563586414	0.23811241541490516	0.2829917003927934	0.2640120747914881	0.2777893804510309	0.2722491268467938	0.285854737509926	0.24836639195183535
35	35	0.34127033117213956	0.3690815157324736	0.3560030537363782	0.39228161747810353	0.38113022878790015	0.4091461581372515	0.3804668816598383	0.3963804172013464	0.3345521853815474
40	40	0.3393800648794956	0.3631681797207429	0.3585486215472165	0.3880861909648484	0.3776964553332215	0.39686029185827276	0.38057945115155467	0.39750056755281715	0.33479758887178274
45	45	0.3573341826179703	0.4039077422352476	0.4118230468960811	0.43035045168154695	0.39852120381321765	0.4254694092927525	0.42252981371320225	0.4378745698223394	0.35211182146504844
50	50	0.3730829317235222	0.4107993210772721	0.4217979256612555	0.42828566360445297	0.41005626397392697	0.42245896712402403	0.4328491000445041	0.44245199693351617	0.37077545211637664
55	55	0.37409500753064895	0.39944995245958215	0.4057602885395329	0.4063562205668054	0.39103407628050835	0.41089633685727084	0.4317101773722918	0.4314965662256139	0.394491794163567
60	60	0.3675034877536735	0.40899515881789217	0.40415127145312235	0.41917377087751523	0.4049359261494194	0.4394649670495266	0.4269152723101476	0.44170690865509243	0.40597462094478043
65	65	0.3842107258511523	0.4199856628859083	0.4167011267574452	0.42941704209674025	0.40933361021372655	0.44047641400853604	0.43607455003143264	0.4479589062588202	0.39935919047434404
70	70	0.3767147395235475	0.3993308063738418	0.4002659721784691	0.42135807803775505	0.40016260373330265	0.4304553700469424	0.42068507080922524	0.43034007567047955	0.39616108471186096
>>>>>>> a951bbb27fe1746d95ffe74e96735f9f29404d4d
