\addplot[color=green,mark=*] coordinates {
(5,5)(10,10)(15,15)(20,20)(25,25)(30,30)(35,35)(40,40)(45,45)(50,50)(55,55)(60,60)(65,65)(70,70)
};
\addlegendentry{dial}

\addplot[color=green,mark=*] coordinates {
(5,0.19835716779507606)(10,0.21620325471754698)(15,0.26728797178264996)(20,0.29180635450891274)(25,0.3382250880960719)(30,0.3684059209387231)(35,0.4112737671389658)(40,0.4205441942041898)(45,0.4482349526846952)(50,0.45774849315002425)(55,0.47036293345559665)(60,0.46674531311487294)(65,0.48074393097546303)(70,0.48018118756836137)
};
\addlegendentry{Natural\_Neg}

\addplot[color=green,mark=*] coordinates {
(5,0.21020298618154482)(10,0.24670226075753282)(15,0.2842453359142686)(20,0.3084683396733866)(25,0.35116335147256084)(30,0.3679163077938804)(35,0.3950295609223739)(40,0.4113376532739039)(45,0.43571833206316074)(50,0.42881723880150496)(55,0.4425452824899449)(60,0.4497703352517445)(65,0.4546529865728085)(70,0.46105796209384325)
};
\addlegendentry{Emb\_25}

\addplot[color=green,mark=*] coordinates {
(5,0.20963759448166353)(10,0.24961349082833229)(15,0.29132469948425815)(20,0.3194535331955405)(25,0.3632883175132501)(30,0.3726759613254308)(35,0.39598897988675286)(40,0.41936690263643445)(45,0.43950784993404046)(50,0.430787174666644)(55,0.44759317570321266)(60,0.45520022696046614)(65,0.464051347275967)(70,0.4611302794640847)
};
\addlegendentry{Emb\_50}

\addplot[color=green,mark=*] coordinates {
(5,0.2107618308780915)(10,0.2578964266674861)(15,0.29023424334226416)(20,0.3203636221402763)(25,0.3639893758409105)(30,0.37574135389638613)(35,0.3986698757573346)(40,0.42411404014051807)(45,0.438763835158008)(50,0.4338544932090788)(55,0.4494347265009191)(60,0.45673747723723784)(65,0.46283003607708634)(70,0.45710204305049523)
};
\addlegendentry{Emb\_100}

\addplot[color=green,mark=*] coordinates {
(5,0.23373312843376653)(10,0.2825917400001817)(15,0.33583921622798585)(20,0.35166015985853233)(25,0.36615072680979105)(30,0.3959459301747205)(35,0.4383074100807177)(40,0.4448555744631494)(45,0.472101561164233)(50,0.4745901731179221)(55,0.49614743942619305)(60,0.4985685613121613)(65,0.5089728851029622)(70,0.5045312648824968)
};
\addlegendentry{NLU\_Tran\_All}

