\addplot[color=green,mark=*] coordinates {
(5,5)(10,10)(15,15)(20,20)(25,25)(30,30)(35,35)(40,40)(45,45)(50,50)(55,55)(60,60)(65,65)(70,70)
};
\addlegendentry{dial}

\addplot[color=green,mark=*] coordinates {
<<<<<<< HEAD
(5,0.3739237624612932)(10,0.47088798566109025)(15,0.5086107006948566)(20,0.5110516047512685)(25,0.5399941021503338)(30,0.5576106938838341)(35,0.5595831926358781)(40,0.5852912708745884)(45,0.5912319263122916)(50,0.6047243831961158)(55,0.6141288137559099)(60,0.6221838427287588)(65,0.6257964182774775)(70,0.6247695802553512)
=======
(5,0.5837763019747753)(10,0.6732566007284331)(15,0.6710879786452238)(20,0.6654272648939425)(25,0.6797440135274793)(30,0.6966509627094232)(35,0.7046543720265177)(40,0.7129198908602743)(45,0.7327014981237588)(50,0.7437855528084734)(55,0.7502052569748517)(60,0.753805797244387)(65,0.7607469497796636)(70,0.7650051282882634)
>>>>>>> a951bbb27fe1746d95ffe74e96735f9f29404d4d
};
\addlegendentry{Natural\_Neg}

\addplot[color=green,mark=*] coordinates {
<<<<<<< HEAD
(5,0.5028146216581265)(10,0.5216719601645713)(15,0.5465694645694986)(20,0.5602201562107411)(25,0.577307609092156)(30,0.5898093419227375)(35,0.6002581474253199)(40,0.6099865991686322)(45,0.6209414949692348)(50,0.6331492241891606)(55,0.6389073614202965)(60,0.6441095695964847)(65,0.6543132273410519)(70,0.6549862619111045)
=======
(5,0.6375656683270208)(10,0.6951532765050356)(15,0.6914488953623625)(20,0.686173150668681)(25,0.6899721737079598)(30,0.7167263902885354)(35,0.7300127968593801)(40,0.7370405357040688)(45,0.7513369350163446)(50,0.7597860414000528)(55,0.7627469697576355)(60,0.7660944320002313)(65,0.7764092622988328)(70,0.7788004149345358)
>>>>>>> a951bbb27fe1746d95ffe74e96735f9f29404d4d
};
\addlegendentry{NLU\_Tran\_All}

\addplot[color=green,mark=*] coordinates {
<<<<<<< HEAD
(5,0.49612457274601446)(10,0.5231333645772026)(15,0.5443595990300902)(20,0.5566717157655072)(25,0.557669204240189)(30,0.561347303716948)(35,0.5726321231343094)(40,0.5953298541963667)(45,0.6087538073435829)(50,0.6143413819808148)(55,0.6252124424439385)(60,0.6303094870851008)(65,0.6371405022951953)(70,0.6397978001122467)
=======
(5,0.6331859069185561)(10,0.670036219230512)(15,0.6557127186063305)(20,0.6588696062788196)(25,0.6650390686927561)(30,0.6879429240385109)(35,0.7123295172619002)(40,0.7171158973002456)(45,0.73660554793059)(50,0.7434112528481759)(55,0.7482919934608632)(60,0.7563296394425055)(65,0.7632660182515378)(70,0.7690287918062895)
>>>>>>> a951bbb27fe1746d95ffe74e96735f9f29404d4d
};
\addlegendentry{French+German+Potuguese}

\addplot[color=green,mark=*] coordinates {
<<<<<<< HEAD
(5,0.4247770184451308)(10,0.4933267466079944)(15,0.5285974501178007)(20,0.5487416869043321)(25,0.5635730366509833)(30,0.5814875638992787)(35,0.5989930825934218)(40,0.6100375636417243)(45,0.6289459897536342)(50,0.6340738858418771)(55,0.6381885874370037)(60,0.648805379741533)(65,0.6574502792104723)(70,0.6591750060471367)
=======
(5,0.604674518093885)(10,0.671730630988254)(15,0.6754584614200251)(20,0.6854427058933881)(25,0.688822709772525)(30,0.7170035272309428)(35,0.7289309604396181)(40,0.7487947752517871)(45,0.7621295975429938)(50,0.7555013763936481)(55,0.7559183936386503)(60,0.7628901370803215)(65,0.7719052365630384)(70,0.7753735151316244)
>>>>>>> a951bbb27fe1746d95ffe74e96735f9f29404d4d
};
\addlegendentry{Russian+Hebrew+Arabic}

\addplot[color=green,mark=*] coordinates {
<<<<<<< HEAD
(5,0.5039891931647433)(10,0.5476287290220435)(15,0.5785228760351385)(20,0.5943344714916858)(25,0.6062710387872959)(30,0.6190877794401854)(35,0.6291837254511525)(40,0.6368271530709676)(45,0.6427699772621253)(50,0.6569831765417231)(55,0.6619859495657969)(60,0.673635960998422)(65,0.6802853006555596)(70,0.6844815067005425)
=======
(5,0.6279792636176941)(10,0.6781698644080727)(15,0.6914335333182454)(20,0.6819744295820991)(25,0.6849002104576302)(30,0.7159486087430463)(35,0.7333505413150652)(40,0.735367944353388)(45,0.7556754930692993)(50,0.7587984073338656)(55,0.7563066620167109)(60,0.7587243626858065)(65,0.7678411790227402)(70,0.7736896984105748)
>>>>>>> a951bbb27fe1746d95ffe74e96735f9f29404d4d
};
\addlegendentry{Finish+Hungarian+Chinese}

\addplot[color=green,mark=*] coordinates {
<<<<<<< HEAD
(5,0.41228957632322655)(10,0.4699587171393068)(15,0.4992934667845474)(20,0.5214415935106679)(25,0.545372608762244)(30,0.5603112897575466)(35,0.5748770537604084)(40,0.6000291317526584)(45,0.6082542373391403)(50,0.6211385419707419)(55,0.6301770359290328)(60,0.6418224123542944)(65,0.646775698668353)(70,0.647940243402817)
=======
(5,0.6084428052621365)(10,0.6765634826606821)(15,0.6898602206070376)(20,0.6908821797845474)(25,0.6888302269637283)(30,0.7185543955159056)(35,0.7370972272095532)(40,0.7512904613606916)(45,0.76081259973313)(50,0.7593182291700707)(55,0.7617785322794035)(60,0.7683559335948471)(65,0.7754840277880243)(70,0.7774135920629108)
>>>>>>> a951bbb27fe1746d95ffe74e96735f9f29404d4d
};
\addlegendentry{Spanish+Hebrew+Arabic}

\addplot[color=green,mark=*] coordinates {
<<<<<<< HEAD
(5,0.520977926135028)(10,0.5442235504514563)(15,0.562008724633903)(20,0.5734846931687361)(25,0.5913866293440126)(30,0.6005791263356384)(35,0.612668327553449)(40,0.6228826675902293)(45,0.6298382337397014)(50,0.6403038454364061)(55,0.6477543504327895)(60,0.6552541888196916)(65,0.6630583013442701)(70,0.665216274269024)
=======
(5,0.6233345318028867)(10,0.6789896865577638)(15,0.7023265299987661)(20,0.6770545100199756)(25,0.6810078487832575)(30,0.716364343693518)(35,0.7322687587064938)(40,0.7439295876472789)(45,0.7656920495979451)(50,0.7691862673316907)(55,0.7692820439919027)(60,0.7713789336751758)(65,0.7813017272766556)(70,0.7862422900322248)
>>>>>>> a951bbb27fe1746d95ffe74e96735f9f29404d4d
};
\addlegendentry{Finish+Hungarian+Urdu}

\addplot[color=green,mark=*] coordinates {
<<<<<<< HEAD
(5,0.4608211946992363)(10,0.5189445196154965)(15,0.5534876737726322)(20,0.563372007089884)(25,0.5810310517853741)(30,0.5970349757707007)(35,0.6075671054445204)(40,0.6247177066919631)(45,0.6330022883747454)(50,0.6466917179208892)(55,0.6570406011772457)(60,0.6638356902601649)(65,0.6686698452059638)(70,0.6687407786846788)
=======
(5,0.6416189859067369)(10,0.6975113476862751)(15,0.682778026334261)(20,0.685012507025041)(25,0.6917324753903442)(30,0.709882308704145)(35,0.7245699581485867)(40,0.7283878676102474)(45,0.7474926408085298)(50,0.7669712094682986)(55,0.7663395336113872)(60,0.7716228242050558)(65,0.7801995211485039)(70,0.781407664521792)
>>>>>>> a951bbb27fe1746d95ffe74e96735f9f29404d4d
};
\addlegendentry{Hungarian}

\addplot[color=green,mark=*] coordinates {
<<<<<<< HEAD
(5,0.47321848377143566)(10,0.536514995108609)(15,0.5725797677888121)(20,0.5797497833715335)(25,0.5945950612826484)(30,0.6120411745328219)(35,0.6247670737946578)(40,0.6336124135817258)(45,0.638071730595696)(50,0.6394709838712945)(55,0.6509259368565091)(60,0.6625927766983215)(65,0.6717188162487876)(70,0.6749107983707703)
=======
(5,0.6061281245120952)(10,0.6571904056804652)(15,0.685698267462963)(20,0.6791533614741733)(25,0.6885024022882167)(30,0.7129869819420804)(35,0.7288079735547115)(40,0.7392343626716518)(45,0.7512950929769311)(50,0.7456281642964555)(55,0.7514124441497458)(60,0.7600886384415428)(65,0.7658518293134158)(70,0.7738723576888724)
>>>>>>> a951bbb27fe1746d95ffe74e96735f9f29404d4d
};
\addlegendentry{Finish}

