size	dial	Natural_Neg	Emb_25	Emb_50	Emb_100	NLU_Tran_All
5	5	0.4444223138517193	0.46176594176218105	0.461606837436766	0.46512216736693146	0.48558843311001276
10	10	0.41407435978674767	0.47319675330721545	0.49009506939976194	0.5022224147279853	0.4914092688478583
15	15	0.446418946880781	0.4909333845279075	0.5127349611641743	0.5159420293398502	0.5094219224163661
20	20	0.47773352927503865	0.525822915866467	0.5339362879336169	0.5311076707192972	0.5311342072986
25	25	0.524843137223456	0.5574846184283754	0.5656164003150065	0.5665342294221866	0.5540586598861369
30	30	0.531020533612201	0.5654814090590456	0.5714630237161118	0.5770027938350528	0.587035662840985
35	35	0.5584721031444946	0.5761751305531936	0.5799319724950645	0.5853283703251414	0.6190961110509801
40	40	0.5764008682168225	0.5937566858285441	0.5994327373346355	0.6058460270998985	0.6306493097890569
45	45	0.594693962469318	0.6083671912087839	0.6156248552226732	0.6227217872185846	0.6422163470935571
50	50	0.6126656189940867	0.6146427565890213	0.6179920262740757	0.6231066402296016	0.6496253408201303
55	55	0.6158757452766097	0.6214046078561617	0.6275697742678632	0.6292962148330747	0.6538889472727427
60	60	0.6223187949812614	0.6315058707392603	0.6386556481531023	0.6431871814160128	0.6619129559090581
65	65	0.621626938453305	0.6307895561969834	0.640699698632818	0.6432973384058627	0.6653262615161273
70	70	0.627735032638756	0.6430366053452214	0.6450524845242162	0.6487855022669324	0.6669041811260692