size	dial	Natural_Neg	Emb_25	Emb_50	Emb_100	NLU_Tran_All
5	5	0.4758225544115834	0.4873927040516081	0.48699337108777857	0.49570435754176484	0.4843662392835231
10	10	0.5093158963734802	0.5653336345584933	0.5666157477483057	0.5811822809748712	0.5147412995602982
15	15	0.5548877152465638	0.6010358555843135	0.6103568029819952	0.6209811779727358	0.5415609322532582
20	20	0.5712351731899472	0.606781292684687	0.6163438625413595	0.6207495026238857	0.5668874999477586
25	25	0.5954230054322065	0.6418461953332008	0.650965547707699	0.6533717011103867	0.5736955331166357
30	30	0.6288542021658221	0.6622732942183934	0.6700318064010959	0.6777610029262362	0.607636810064072
35	35	0.6493266100369295	0.6767700237822247	0.6819879504916411	0.6895431678801558	0.6457797488925324
40	40	0.6518065409405945	0.6867280677114864	0.6907181736779443	0.6966017819519729	0.6568969089518327
45	45	0.670171641959304	0.6901835701881744	0.6988365822806419	0.7065513197295232	0.6626983940515148
50	50	0.6747767651144453	0.6874474370202046	0.6922406509161929	0.6994669925099309	0.6672635443529694
55	55	0.6720536543996188	0.6905124398952309	0.6986637594191444	0.7059823180201601	0.675424770243561
60	60	0.6705697078451115	0.6967305635667056	0.7069692137239801	0.7135001628346818	0.6840004220029412
65	65	0.6737098363914391	0.7061834472451962	0.7188745218600114	0.7225032111587466	0.6869476538956028
70	70	0.6820633952148397	0.7195648512210703	0.725447784975559	0.7305711619439353	0.6877977480693929