\addplot[color=green,mark=*] coordinates {
(5,5)(10,10)(15,15)(20,20)(25,25)(30,30)(35,35)(40,40)(45,45)(50,50)(55,55)(60,60)(65,65)(70,70)
};
\addlegendentry{dial}

\addplot[color=green,mark=*] coordinates {
<<<<<<< HEAD
(5,0.6651580584958402)(10,0.6693440726709226)(15,0.6740066181390646)(20,0.6753176005468917)(25,0.6751827946330228)(30,0.6679014164265518)(35,0.6751513303936278)(40,0.6671103041682308)(45,0.6701081507693747)(50,0.6672489438982092)(55,0.6738863774441769)(60,0.6646291173021732)(65,0.663205789243186)(70,0.6738918018065605)
=======
(5,0.2859545976877727)(10,0.43556381830269164)(15,0.5068403613268728)(20,0.5143750293709006)(25,0.5647357856804872)(30,0.5924390034287421)(35,0.6094983705279219)(40,0.6118064089042579)(45,0.6250659228364448)(50,0.6275783310259511)(55,0.6850046448309438)(60,0.7201400094462092)(65,0.7266741462668334)(70,0.7257842853762528)
>>>>>>> a951bbb27fe1746d95ffe74e96735f9f29404d4d
};
\addlegendentry{Natural\_Neg}

\addplot[color=green,mark=*] coordinates {
<<<<<<< HEAD
(5,0.553621770939732)(10,0.5614750547320219)(15,0.564506400848223)(20,0.5700892615450541)(25,0.579143038596359)(30,0.57707975684527)(35,0.5960622649755607)(40,0.6011090215262919)(45,0.6037488422910415)(50,0.6083357925732813)(55,0.6119109865295815)(60,0.6155029811943059)(65,0.6263979260539856)(70,0.6253721652185723)
=======
(5,0.29269024665598936)(10,0.4015171115475414)(15,0.4691104916193396)(20,0.4852337043345643)(25,0.5212038543147707)(30,0.5636660786372193)(35,0.6109140137479947)(40,0.614995220380663)(45,0.6479569332667034)(50,0.6533550508650688)(55,0.6729167204650788)(60,0.7030577048381096)(65,0.6885035698672166)(70,0.6908506877067765)
>>>>>>> a951bbb27fe1746d95ffe74e96735f9f29404d4d
};
\addlegendentry{NLU\_Tran\_All}

\addplot[color=green,mark=*] coordinates {
<<<<<<< HEAD
(5,0.578139652126196)(10,0.5753098595579044)(15,0.5822216660700517)(20,0.5886789915927708)(25,0.576903227306929)(30,0.5850365511587804)(35,0.5925837675349437)(40,0.5860637914225302)(45,0.5910032057374252)(50,0.5884050600623164)(55,0.5989555354263063)(60,0.5954714577535705)(65,0.6022163242307237)(70,0.6078440540418011)
=======
(5,0.2897519693511842)(10,0.3988750326664708)(15,0.4482906580742855)(20,0.45224296100163847)(25,0.5329408231598741)(30,0.5470116502715519)(35,0.6117989036586476)(40,0.6095045679727671)(45,0.6411734679472116)(50,0.6462825520449709)(55,0.6584630425841587)(60,0.6918402720738805)(65,0.6648706949557651)(70,0.6700031936027917)
>>>>>>> a951bbb27fe1746d95ffe74e96735f9f29404d4d
};
\addlegendentry{French+German+Potuguese}

\addplot[color=green,mark=*] coordinates {
<<<<<<< HEAD
(5,0.6955456339953374)(10,0.6928419789779856)(15,0.6908586837511361)(20,0.6807123861176629)(25,0.6754737341464212)(30,0.6588419218077073)(35,0.6693132922629708)(40,0.660528894304121)(45,0.6665087747913835)(50,0.6585262767442981)(55,0.6565066875755061)(60,0.6560888373915631)(65,0.6591597926857993)(70,0.6673032780454937)
=======
(5,0.2796907851949658)(10,0.3919155210205068)(15,0.4466370110026376)(20,0.49073937739380147)(25,0.5108283359451721)(30,0.5418516549634192)(35,0.59514927502053)(40,0.6003629001944358)(45,0.6342150425422087)(50,0.6247269033990147)(55,0.6467548106401722)(60,0.6804474829046508)(65,0.691468749066134)(70,0.6973694874937368)
>>>>>>> a951bbb27fe1746d95ffe74e96735f9f29404d4d
};
\addlegendentry{Russian+Hebrew+Arabic}

\addplot[color=green,mark=*] coordinates {
<<<<<<< HEAD
(5,0.6283063634597219)(10,0.6625771937721031)(15,0.678466115553256)(20,0.6718494394822307)(25,0.6708984090388118)(30,0.6672313627328559)(35,0.6726905589516545)(40,0.672211022629863)(45,0.6721929675626854)(50,0.676963693692852)(55,0.681021432501544)(60,0.6848936710749426)(65,0.689836537134006)(70,0.6935989160353989)
=======
(5,0.2840956938275519)(10,0.3899252825331151)(15,0.482827950553402)(20,0.48091391484594254)(25,0.5473268666704494)(30,0.5770211176408789)(35,0.6338851823772235)(40,0.6309954903854648)(45,0.6544144318875045)(50,0.6539313032822782)(55,0.6823200861744538)(60,0.7083347342677814)(65,0.7027123423372521)(70,0.6908433361553404)
>>>>>>> a951bbb27fe1746d95ffe74e96735f9f29404d4d
};
\addlegendentry{Finish+Hungarian+Chinese}

\addplot[color=green,mark=*] coordinates {
<<<<<<< HEAD
(5,0.6826800522889462)(10,0.6859225472525303)(15,0.6843547706070164)(20,0.6775121091574234)(25,0.6584857602350803)(30,0.6528896205310631)(35,0.6631413508778958)(40,0.6556370156633067)(45,0.6599127826613895)(50,0.654018659962887)(55,0.6567069082310314)(60,0.6561751589183125)(65,0.6550604208335338)(70,0.6585178863786525)
=======
(5,0.2833249558864279)(10,0.39946801352164363)(15,0.4678168353206916)(20,0.4830044850583195)(25,0.5142694694345721)(30,0.5650354677714298)(35,0.6348758113758486)(40,0.6329452440972492)(45,0.6548322143741963)(50,0.6484705846413616)(55,0.6716866435438766)(60,0.7106833265092712)(65,0.7021247629474728)(70,0.7037433624850644)
>>>>>>> a951bbb27fe1746d95ffe74e96735f9f29404d4d
};
\addlegendentry{Spanish+Hebrew+Arabic}

\addplot[color=green,mark=*] coordinates {
<<<<<<< HEAD
(5,0.5397853859666022)(10,0.5625374845317437)(15,0.5694973284389154)(20,0.5864208258162094)(25,0.5891271062295943)(30,0.5929970524762339)(35,0.6060241663527555)(40,0.6048023121615553)(45,0.6075113633722765)(50,0.6128512263068877)(55,0.6219511575896391)(60,0.6263290885444677)(65,0.6352890827400325)(70,0.6334349194550235)
=======
(5,0.27969924050136974)(10,0.37770705537072846)(15,0.47277459912584596)(20,0.46639840899452195)(25,0.5243183663805397)(30,0.550017897922222)(35,0.6120363295348861)(40,0.6166430113982415)(45,0.656195267451414)(50,0.6590941668823882)(55,0.6893935943326255)(60,0.7127609940806072)(65,0.7096222284028773)(70,0.7228521558261276)
>>>>>>> a951bbb27fe1746d95ffe74e96735f9f29404d4d
};
\addlegendentry{Finish+Hungarian+Urdu}

\addplot[color=green,mark=*] coordinates {
<<<<<<< HEAD
(5,0.7008403019550802)(10,0.7091653669168145)(15,0.7088293866893132)(20,0.6959673420003558)(25,0.6785551353930679)(30,0.6703024748096112)(35,0.6783067588849516)(40,0.6715892295262378)(45,0.6712604412796429)(50,0.6665540247546249)(55,0.6699178719978284)(60,0.6716652680993673)(65,0.676347302755881)(70,0.6841759044841716)
=======
(5,0.2873444533857901)(10,0.4120250841588458)(15,0.48508068559410555)(20,0.49644506283739337)(25,0.5787612847167616)(30,0.5903210273913931)(35,0.6518283489536667)(40,0.6532612299253138)(45,0.6763303519869824)(50,0.6795003087004412)(55,0.6993338396888267)(60,0.7319678972255179)(65,0.7312484485184272)(70,0.7403909977024379)
>>>>>>> a951bbb27fe1746d95ffe74e96735f9f29404d4d
};
\addlegendentry{Hungarian}

\addplot[color=green,mark=*] coordinates {
<<<<<<< HEAD
(5,0.6495353929666615)(10,0.6773108252983278)(15,0.690308222615106)(20,0.6697441019472861)(25,0.6678681282133703)(30,0.6517442720885503)(35,0.6554915073918706)(40,0.6581705655617428)(45,0.6628315527374378)(50,0.6593726267618438)(55,0.6630133496710212)(60,0.6646659584339812)(65,0.6656951429336286)(70,0.667703676203379)
=======
(5,0.2698195860738977)(10,0.3847164104869761)(15,0.4739688198935072)(20,0.4831308904204336)(25,0.5229015664704665)(30,0.5491072984051918)(35,0.6076026982226996)(40,0.6135970149594034)(45,0.6431618805873638)(50,0.6384571569180679)(55,0.6572746875550874)(60,0.6891512815569153)(65,0.686205513627727)(70,0.698389773402371)
>>>>>>> a951bbb27fe1746d95ffe74e96735f9f29404d4d
};
\addlegendentry{Finish}

